examples/codg2240.05i
     1.0            IONOSPHERE MAPS     GNSS                IONEX VERSION / TYPE
ADDNEQ2 V5.1        AIUB                17-AUG-05 01:29     PGM / RUN BY / DATE 
CODE'S GLOBAL IONOSPHERE MAPS FOR DAY 224, 2005             COMMENT             
Global ionosphere maps (GIM) are generated on a daily basis DESCRIPTION         
at CODE using data from about 150 GPS sites of the IGS and  DESCRIPTION         
other institutions. The vertical total electron content     DESCRIPTION         
(VTEC) is modeled in a solar-geomagnetic reference frame    DESCRIPTION         
using a spherical harmonics expansion up to degree and      DESCRIPTION         
order 15. Piece-wise linear functions are used for          DESCRIPTION         
representation in the time domain. The time spacing of      DESCRIPTION         
their vertices is 2 hours, conforming with the epochs of    DESCRIPTION         
the VTEC maps. Instrumental biases, so-called differential  DESCRIPTION         
P1-P2 code biases (DCB), for all GPS satellites and ground  DESCRIPTION         
stations are estimated as constant values for each day,     DESCRIPTION         
simultaneously with the 13 times 256, or 3328 parameters    DESCRIPTION         
used to represent the global VTEC distribution. The DCB     DESCRIPTION         
datum is defined by a zero-mean condition imposed on the    DESCRIPTION         
satellite bias estimates. P1-C1 bias corrections are taken  DESCRIPTION         
into account if needed. To convert line-of-sight TEC into   DESCRIPTION         
vertical TEC, a modified single-layer model mapping         DESCRIPTION         
function approximating the JPL extended slab model mapping  DESCRIPTION         
function is adopted. The mapping function is evaluated at   DESCRIPTION         
geodetic satellite elevation angles. For the computation of DESCRIPTION         
the ionospheric pierce points, a spherical layer with a     DESCRIPTION         
radius of 6821 km is assumed, implying geocentric, not      DESCRIPTION         
geodetic IONEX latitudes.                                   DESCRIPTION         
Note: These GIM results correspond to the results for the   DESCRIPTION         
middle day of a 3-day combination analysis solving for 37   DESCRIPTION         
times 256, or 9472 VTEC parameters and one common set of    DESCRIPTION         
satellite and 24-hour receiver DCB constants.               DESCRIPTION         
Contact address: stefan.schaer or igsauto @aiub.unibe.ch    DESCRIPTION         
Web site:        http://www.aiub.unibe.ch/ionosphere/       DESCRIPTION         
Data archive:    ftp://ftp.unibe.ch/aiub/CODE/              DESCRIPTION         
                 http://www.aiub.unibe.ch/download/CODE/    DESCRIPTION         
  2005     8    12     0     0     0                        EPOCH OF FIRST MAP  
  2005     8    13     0     0     0                        EPOCH OF LAST MAP   
  7200                                                      INTERVAL            
    13                                                      # OF MAPS IN FILE   
  NONE                                                      MAPPING FUNCTION    
    10.0                                                    ELEVATION CUTOFF    
One-way carrier phase leveled to code                       OBSERVABLES USED    
[...]
 483                                                        COMMENT             
List of stations:                                           COMMENT             
albh algo alic alrt amc2 amun artu aspa auck bahr bako bili COMMENT             
bjfs bogt bor1 brmu brst brus cagl cagz cas1 cedu chat chpi COMMENT             
chur coco conz cord crar daka darr darw dav1 dgar drao dubo COMMENT             
dwh1 ebre fair flin glps glsv gode godz gold gope gras guam COMMENT             
guat harb hers hert hflk hob2 hofn holb holm hrao ieng iisc COMMENT             
invk irkj irkt ispa jab1 joz2 joze karr kerg kgn0 khaj kir0 COMMENT             
kiru kit3 kokb kosg kou1 kour kunm lama lhas lhaz lpal lpgs COMMENT             
mac1 madr mag0 mald mali mana mas1 mat1 mate maui maw1 mbar COMMENT             
mcm4 mdo1 mdvj medi mets metz mizu mkea morp msku mtka nano COMMENT             
nisu nklg nlib not1 noum novj npld nrc1 nril nssp ntus nya1 COMMENT             
obe2 ohi2 ohi3 onsa opmt pado pdel pert petp pie1 pol2 pots COMMENT             
prds ptbb qaq1 quin rabt ramo rbay reso reun reyk reyz riog COMMENT             
sant sch2 sele sfer shao spt0 ssia stjo str2 suth suwn sydn COMMENT             
syog thti thu2 thu3 tidb tixi tlse tow2 trab tro1 tskb twtf COMMENT             
uclu unb1 usn3 usno usud vill wab1 wab2 wes2 whit will wsrt COMMENT             
wtza wtzj wtzr wtzz wuhn yakt yar2 yarr yell yibl yssk zimj COMMENT             
zimm zimz zwe2                                              COMMENT             
                                                            END OF HEADER       
[from data line 3432]
     9                                                      START OF TEC MAP    
  2005     8    12    16     0     0                        EPOCH OF CURRENT MAP
    87.5-180.0 180.0   5.0 450.0                            LAT/LON1/LON2/DLON/H
   86   86   85   85   85   85   84   84   84   83   83   83   82   82   81   81
   81   80   80   80   79   79   79   78   78   78   77   77   77   77   76   76
   76   76   76   76   76   76   76   76   76   76   77   77   77   78   78   79
   79   80   80   81   81   82   82   83   83   84   84   85   85   85   85   86
   86   86   86   86   86   86   86   86   86
    85.0-180.0 180.0   5.0 450.0                            LAT/LON1/LON2/DLON/H
   90   90   89   89   88   88   87   87   86   86   85   85   84   84   83   83
   82   82   81   81   81   80   80   79   79   79   78   78   77   76   76   75
   74   74   73   73   72   72   72   72   72   73   73   74   74   75   76   77
   78   79   80   81   82   83   84   85   86   87   87   88   88   89   89   90
   90   90   90   90   90   90   90   90   90
    82.5-180.0 180.0   5.0 450.0                            LAT/LON1/LON2/DLON/H
   91   91   91   91   91   90   90   89   89   88   87   87   86   86   85   85
   85   84   84   84   84   84   84   84   84   84   83   83   82   81   79   78
   76   75   73   72   71   70   69   69   69   69   70   71   72   73   74   76
   77   79   80   81   82   84   85   86   87   87   88   89   89   90   90   90
   91   91   91   91   91   91   91   91   91
    80.0-180.0 180.0   5.0 450.0                            LAT/LON1/LON2/DLON/H
   89   90   90   91   91   91   91   91   91   90   90   89   89   88   88   88
   88   88   88   89   90   90   91   92   92   92   92   91   90   89   87   84
   82   79   76   73   71   69   67   66   66   66   67   68   70   71   73   75
   76   78   79   80   81   82   83   83   84   84   85   85   86   86   86   86
   87   87   87   87   88   88   89   89   89
    77.5-180.0 180.0   5.0 450.0                            LAT/LON1/LON2/DLON/H
   84   86   87   88   89   90   91   92   92   92   91   91   91   91   90   90
   91   91   92   93   95   96   98  100  101  102  102  102  101   99   96   93
   89   84   80   75   71   68   66   64   64   64   65   67   68   70   72   74
   75   76   77   78   78   78   78   78   78   78   78   78   78   78   78   78
   78   78   78   79   80   80   82   83   84
    75.0-180.0 180.0   5.0 450.0                            LAT/LON1/LON2/DLON/H
   76   79   81   84   86   88   90   91   92   93   93   93   93   93   93   93
   93   94   95   96   98  101  103  106  108  110  111  112  111  109  106  101
   96   90   84   78   72   68   65   63   62   63   64   66   68   70   72   73
   74   74   74   74   74   73   72   71   70   69   68   68   67   67   66   66
   66   66   67   67   68   70   71   74   76
    72.5-180.0 180.0   5.0 450.0                            LAT/LON1/LON2/DLON/H
   67   70   74   78   82   85   88   90   91   92   93   94   94   94   94   95
   95   95   96   98   99  102  105  108  111  114  116  118  118  116  113  108
  102   94   87   79   73   67   63   61   61   62   63   66   68   70   72   73
   73   72   71   70   69   67   65   64   62   60   58   57   55   54   54   53
   53   53   54   54   56   58   60   63   67
    70.0-180.0 180.0   5.0 450.0                            LAT/LON1/LON2/DLON/H
   57   62   68   73   77   82   85   88   90   91   92   94   94   95   96   96
   96   96   96   97   98  100  102  106  109  113  116  118  119  119  116  111
  105   97   89   80   73   67   63   61   60   62   64   67   69   71   72   73
   72   70   69   67   65   63   60   58   55   53   50   47   45   43   42   41
   41   42   42   43   44   46   49   53   57
    67.5-180.0 180.0   5.0 450.0                            LAT/LON1/LON2/DLON/H
   49   55   61   67   73   77   81   84   86   88   90   92   94   95   97   97
   97   96   95   95   95   95   97   99  103  107  111  114  117  117  116  112
  106   98   90   81   73   67   63   61   61   63   66   68   71   72   73   72
   71   69   67   64   63   61   59   56   53   48   44   40   37   34   33   32
   33   33   34   35   36   37   40   44   49
    65.0-180.0 180.0   5.0 450.0                            LAT/LON1/LON2/DLON/H
   43   50   56   63   69   73   77   80   82   84   87   90   93   95   97   98
   98   97   95   93   91   90   90   91   94   98  102  107  110  112  113  110
  105   99   91   82   75   69   65   64   64   66   68   71   72   73   73   72
   70   67   66   64   63   62   61   58   54   49   42   36   32   28   27   27
   28   29   30   30   31   32   34   38   43
    62.5-180.0 180.0   5.0 450.0                            LAT/LON1/LON2/DLON/H
   40   46   53   59   65   70   73   75   77   80   83   86   90   95   98  100
  101   99   96   93   89   86   84   84   86   89   93   98  102  106  108  107
  104   98   92   84   78   73   69   68   69   70   72   73   74   74   73   71
   69   67   66   66   67   68   67   65   60   53   44   36   29   25   24   25
   27   29   30   30   30   30   32   35   40
    60.0-180.0 180.0   5.0 450.0                            LAT/LON1/LON2/DLON/H
   38   44   51   57   63   67   70   72   73   75   78   82   88   94   99  103
  104  102   99   94   89   85   82   80   80   82   85   90   96  100  103  104
  102   98   93   87   82   78   75   74   74   75   76   76   76   75   73   71
   69   68   69   70   73   76   77   75   69   59   48   37   29   24   23   26
   29   32   34   33   32   31   31   34   38
    57.5-180.0 180.0   5.0 450.0                            LAT/LON1/LON2/DLON/H
   38   44   50   56   61   65   68   70   71   72   75   79   86   93  100  105
  108  107  103   98   92   87   83   80   78   79   82   86   91   96  100  102
  101   99   95   90   87   84   82   81   81   81   81   79   77   75   73   72
   71   71   73   76   81   85   88   86   79   67   53   40   29   24   24   28
   33   37   39   38   36   33   33   34   38
    55.0-180.0 180.0   5.0 450.0                            LAT/LON1/LON2/DLON/H
   39   44   50   56   61   66   69   70   71   71   73   77   84   93  101  108
  112  111  108  103   97   92   87   83   81   81   82   85   90   95   98  100
  100   99   96   94   92   90   89   89   88   87   85   83   80   77   75   74
   74   75   78   83   89   95   98   96   88   75   58   42   31   25   26   31
   38   43   45   43   40   36   35   35   39
    52.5-180.0 180.0   5.0 450.0                            LAT/LON1/LON2/DLON/H
   41   45   51   57   63   68   72   74   75   75   75   78   85   94  103  111
  116  116  113  109  103   98   94   90   87   85   86   88   91   95   98   99
  100   99   98   97   97   97   97   96   96   94   91   87   84   81   79   79
   80   82   85   90   97  103  106  104   95   80   62   45   33   27   29   35
   43   48   50   47   43   39   37   38   41
    50.0-180.0 180.0   5.0 450.0                            LAT/LON1/LON2/DLON/H
   43   47   52   58   65   72   78   82   83   81   81   82   87   96  106  115
  120  121  118  114  109  105  101   98   95   92   91   92   94   96   98   98
   99   99   99  100  102  103  104  104  103  100   97   93   89   87   86   87
   88   90   93   97  103  108  111  108   99   84   66   49   36   31   34   40
   48   52   53   50   45   41   39   40   43
    47.5-180.0 180.0   5.0 450.0                            LAT/LON1/LON2/DLON/H
   46   50   54   60   67   76   85   91   93   92   90   89   93  101  111  119
  124  125  122  118  114  111  108  105  102   99   97   96   97   97   98   97
   98   99  101  105  108  111  112  112  111  108  104  101   98   96   96   97
   98   99  100  103  106  110  112  109  101   86   69   53   42   37   40   46
   52   56   55   51   46   43   42   43   46
    45.0-180.0 180.0   5.0 450.0                            LAT/LON1/LON2/DLON/H
   49   52   55   60   69   80   92  101  105  104  101  100  102  109  117  125
  129  129  126  121  117  115  113  111  108  105  102  100  100   99   98   97
   98  101  106  111  117  121  122  122  120  118  114  111  109  109  109  109
  109  108  108  107  108  109  110  107   99   87   72   58   49   46   48   53
   57   58   56   51   47   44   44   47   49
    42.5-180.0 180.0   5.0 450.0                            LAT/LON1/LON2/DLON/H
   52   54   55   60   69   82   97  108  115  116  114  112  114  119  126  132
  135  133  129  124  120  118  116  115  112  109  106  104  103  101  100   99
  101  105  113  122  129  134  135  135  132  130  127  125  124  123  123  123
  121  118  114  110  108  107  106  103   97   87   76   65   58   56   57   60
   62   61   57   52   48   46   47   50   52
    40.0-180.0 180.0   5.0 450.0                            LAT/LON1/LON2/DLON/H
   54   54   53   57   66   80   97  112  121  125  125  125  127  131  136  140
  141  138  132  127  123  120  119  118  116  113  110  108  107  105  104  104
  107  114  125  136  145  150  152  150  147  144  142  140  140  139  138  136
  132  126  119  112  107  104  101   98   94   87   79   72   68   66   67   67
   66   63   58   53   49   48   50   52   54
    37.5-180.0 180.0   5.0 450.0                            LAT/LON1/LON2/DLON/H
   54   51   49   51   59   74   92  109  122  129  133  136  139  143  146  148
  146  142  136  130  126  123  123  122  121  118  116  114  113  113  112  113
  118  128  141  154  164  170  171  168  165  161  159  157  157  155  153  148
  141  133  123  114  106  101   97   94   91   87   82   79   76   75   75   74
   71   66   60   55   51   50   52   54   54
    35.0-180.0 180.0   5.0 450.0                            LAT/LON1/LON2/DLON/H
   52   48   44   44   51   64   82  101  116  128  136  143  148  152  154  153
  150  145  139  133  129  127  127  127  127  125  124  123  124  124  125  128
  134  146  160  174  185  190  191  188  183  179  177  175  174  171  166  158
  149  138  127  116  106   99   94   90   88   86   84   83   83   82   81   79
   75   70   64   59   55   53   53   53   52
    32.5-180.0 180.0   5.0 450.0                            LAT/LON1/LON2/DLON/H
   48   43   37   36   41   52   69   88  106  121  134  145  152  157  158  156
  151  147  141  137  133  132  133  134  135  135  135  136  138  140  142  146
  154  166  180  194  205  210  210  207  202  197  194  192  189  184  177  166
  155  142  130  118  108   99   93   89   87   86   85   86   86   86   85   82
   79   74   69   64   59   56   54   52   48
    30.0-180.0 180.0   5.0 450.0                            LAT/LON1/LON2/DLON/H
   45   39   32   29   32   41   56   73   92  111  127  141  151  156  156  153
  149  145  142  139  138  137  139  142  145  147  149  151  154  158  162  167
  175  187  199  212  220  225  226  223  219  214  210  207  203  196  186  173
  159  146  134  122  111  101   94   89   87   86   86   86   87   87   87   85
   83   80   76   71   65   60   55   51   45
    27.5-180.0 180.0   5.0 450.0                            LAT/LON1/LON2/DLON/H
   44   37   30   26   26   33   44   60   79   99  118  134  145  150  149  146
  143  142  141  141  141  142  146  151  156  160  164  168  173  178  183  189
  196  206  216  225  231  236  237  237  234  229  225  220  215  206  193  178
  164  151  139  128  117  106   98   92   88   87   86   86   86   87   87   87
   87   86   83   79   72   64   57   51   44
    25.0-180.0 180.0   5.0 450.0                            LAT/LON1/LON2/DLON/H
   46   39   32   28   26   30   38   52   69   88  107  123  134  139  139  137
  135  137  139  142  144  147  152  159  166  173  178  184  190  197  203  209
  216  222  228  233  237  241  245  246  245  242  238  232  225  214  199  184
  169  157  146  135  124  113  103   96   92   89   87   85   85   86   87   89
   91   92   91   86   79   69   60   53   46
    22.5-180.0 180.0   5.0 450.0                            LAT/LON1/LON2/DLON/H
   52   45   39   34   32   33   39   50   65   82   99  113  122  127  128  127
  128  132  138  143  147  151  157  166  176  184  192  199  206  214  221  228
  233  236  238  239  240  244  249  253  255  253  248  242  234  221  205  189
  175  164  154  144  132  120  110  102   97   93   89   87   86   87   89   91
   94   97   97   93   85   75   66   58   52
    20.0-180.0 180.0   5.0 450.0                            LAT/LON1/LON2/DLON/H
   60   55   49   44   41   42   46   56   68   82   95  105  112  117  119  121
  125  131  138  145  150  155  163  173  184  194  204  212  221  230  237  243
  248  249  248  244  243  246  252  259  262  262  258  251  241  227  210  194
  181  171  162  152  140  127  117  109  104   99   94   90   88   89   91   94
   97  100  100   97   90   81   72   66   60
    17.5-180.0 180.0   5.0 450.0                            LAT/LON1/LON2/DLON/H
   70   66   61   56   53   54   58   67   77   88   96  102  107  112  116  121
  126  134  142  150  156  161  168  179  191  203  214  224  234  244  252  258
  262  262  258  252  248  249  256  264  269  269  266  259  248  233  215  199
  186  177  169  159  146  134  123  116  111  105  100   95   93   93   95   97
   99  100  101   98   92   85   79   74   70
    15.0-180.0 180.0   5.0 450.0                            LAT/LON1/LON2/DLON/H
   79   75   71   67   65   66   71   80   90   98  102  104  107  113  121  128
  135  142  150  158  164  169  176  186  199  213  225  237  248  258  266  272
  276  276  272  264  258  257  262  270  275  275  272  265  253  237  218  202
  190  181  173  163  150  138  128  122  117  111  105  101   98   98   98   98
   98   98   97   95   92   88   84   82   79
    12.5-180.0 180.0   5.0 450.0                            LAT/LON1/LON2/DLON/H
   85   81   77   74   73   75   82   93  104  110  112  112  114  122  133  143
  150  156  163  169  174  179  186  196  209  223  237  251  263  273  280  286
  291  292  288  280  272  268  271  276  279  279  275  267  255  237  219  202
  190  182  174  163  150  139  130  125  120  115  110  105  103  101  100   97
   94   92   91   90   88   87   87   86   85
    10.0-180.0 180.0   5.0 450.0                            LAT/LON1/LON2/DLON/H
   85   82   78   75   76   80   89  102  114  122  123  122  126  137  150  162
  169  173  177  182  187  192  198  207  220  235  251  267  280  289  296  301
  306  308  305  297  288  281  280  280  280  278  273  265  252  234  215  199
  188  179  170  159  147  136  129  124  120  116  111  107  105  103   99   94
   89   85   83   82   82   84   86   87   85
     7.5-180.0 180.0   5.0 450.0                            LAT/LON1/LON2/DLON/H
   81   78   74   72   73   79   90  105  120  130  133  135  140  154  170  182
  188  190  192  196  201  206  212  221  234  249  267  284  297  306  310  314
  318  322  320  313  302  292  285  281  277  272  265  257  244  227  208  192
  181  172  162  151  139  130  124  120  117  112  108  105  103  100   96   89
   82   77   74   74   75   77   80   82   81
     5.0-180.0 180.0   5.0 450.0                            LAT/LON1/LON2/DLON/H
   72   69   66   65   67   73   85  102  120  134  141  145  154  170  187  200
  205  205  206  209  214  219  225  234  247  264  282  300  314  321  322  323
  326  330  329  322  310  297  285  276  267  259  251  242  230  214  197  182
  171  161  151  139  129  121  116  112  109  104  100   98   97   94   89   82
   74   69   67   66   67   70   72   73   72
     2.5-180.0 180.0   5.0 450.0                            LAT/LON1/LON2/DLON/H
   61   58   56   57   59   66   77   95  115  133  145  153  165  182  200  212
  216  215  216  219  224  230  236  246  259  276  295  313  326  330  329  327
  327  330  329  321  308  292  278  264  251  240  231  222  211  197  182  168
  158  148  137  126  116  110  106  102   97   93   90   88   88   86   81   74
   67   63   61   61   61   62   63   63   61
