examples/codg2240.05i
     1.0            IONOSPHERE MAPS     GNSS                IONEX VERSION / TYPE
ADDNEQ2 V5.1        AIUB                17-AUG-05 01:29     PGM / RUN BY / DATE 
CODE'S GLOBAL IONOSPHERE MAPS FOR DAY 224, 2005             COMMENT             
Global ionosphere maps (GIM) are generated on a daily basis DESCRIPTION         
at CODE using data from about 150 GPS sites of the IGS and  DESCRIPTION         
other institutions. The vertical total electron content     DESCRIPTION         
(VTEC) is modeled in a solar-geomagnetic reference frame    DESCRIPTION         
using a spherical harmonics expansion up to degree and      DESCRIPTION         
order 15. Piece-wise linear functions are used for          DESCRIPTION         
representation in the time domain. The time spacing of      DESCRIPTION         
their vertices is 2 hours, conforming with the epochs of    DESCRIPTION         
the VTEC maps. Instrumental biases, so-called differential  DESCRIPTION         
P1-P2 code biases (DCB), for all GPS satellites and ground  DESCRIPTION         
stations are estimated as constant values for each day,     DESCRIPTION         
simultaneously with the 13 times 256, or 3328 parameters    DESCRIPTION         
used to represent the global VTEC distribution. The DCB     DESCRIPTION         
datum is defined by a zero-mean condition imposed on the    DESCRIPTION         
satellite bias estimates. P1-C1 bias corrections are taken  DESCRIPTION         
into account if needed. To convert line-of-sight TEC into   DESCRIPTION         
vertical TEC, a modified single-layer model mapping         DESCRIPTION         
function approximating the JPL extended slab model mapping  DESCRIPTION         
function is adopted. The mapping function is evaluated at   DESCRIPTION         
geodetic satellite elevation angles. For the computation of DESCRIPTION         
the ionospheric pierce points, a spherical layer with a     DESCRIPTION         
radius of 6821 km is assumed, implying geocentric, not      DESCRIPTION         
geodetic IONEX latitudes.                                   DESCRIPTION         
Note: These GIM results correspond to the results for the   DESCRIPTION         
middle day of a 3-day combination analysis solving for 37   DESCRIPTION         
times 256, or 9472 VTEC parameters and one common set of    DESCRIPTION         
satellite and 24-hour receiver DCB constants.               DESCRIPTION         
Contact address: stefan.schaer or igsauto @aiub.unibe.ch    DESCRIPTION         
Web site:        http://www.aiub.unibe.ch/ionosphere/       DESCRIPTION         
Data archive:    ftp://ftp.unibe.ch/aiub/CODE/              DESCRIPTION         
                 http://www.aiub.unibe.ch/download/CODE/    DESCRIPTION         
  2005     8    12     0     0     0                        EPOCH OF FIRST MAP  
  2005     8    13     0     0     0                        EPOCH OF LAST MAP   
  7200                                                      INTERVAL            
    13                                                      # OF MAPS IN FILE   
  NONE                                                      MAPPING FUNCTION    
    10.0                                                    ELEVATION CUTOFF    
One-way carrier phase leveled to code                       OBSERVABLES USED    
[...]
 483                                                        COMMENT             
List of stations:                                           COMMENT             
albh algo alic alrt amc2 amun artu aspa auck bahr bako bili COMMENT             
bjfs bogt bor1 brmu brst brus cagl cagz cas1 cedu chat chpi COMMENT             
chur coco conz cord crar daka darr darw dav1 dgar drao dubo COMMENT             
dwh1 ebre fair flin glps glsv gode godz gold gope gras guam COMMENT             
guat harb hers hert hflk hob2 hofn holb holm hrao ieng iisc COMMENT             
invk irkj irkt ispa jab1 joz2 joze karr kerg kgn0 khaj kir0 COMMENT             
kiru kit3 kokb kosg kou1 kour kunm lama lhas lhaz lpal lpgs COMMENT             
mac1 madr mag0 mald mali mana mas1 mat1 mate maui maw1 mbar COMMENT             
mcm4 mdo1 mdvj medi mets metz mizu mkea morp msku mtka nano COMMENT             
nisu nklg nlib not1 noum novj npld nrc1 nril nssp ntus nya1 COMMENT             
obe2 ohi2 ohi3 onsa opmt pado pdel pert petp pie1 pol2 pots COMMENT             
prds ptbb qaq1 quin rabt ramo rbay reso reun reyk reyz riog COMMENT             
sant sch2 sele sfer shao spt0 ssia stjo str2 suth suwn sydn COMMENT             
syog thti thu2 thu3 tidb tixi tlse tow2 trab tro1 tskb twtf COMMENT             
uclu unb1 usn3 usno usud vill wab1 wab2 wes2 whit will wsrt COMMENT             
wtza wtzj wtzr wtzz wuhn yakt yar2 yarr yell yibl yssk zimj COMMENT             
zimm zimz zwe2                                              COMMENT             
                                                            END OF HEADER       
[from data line 3861]
    10                                                      START OF TEC MAP    
  2005     8    12    18     0     0                        EPOCH OF CURRENT MAP
    87.5-180.0 180.0   5.0 450.0                            LAT/LON1/LON2/DLON/H
   97   97   97   97   96   96   96   95   94   94   93   92   91   91   90   89
   88   87   86   85   84   83   82   81   80   79   78   78   77   76   76   76
   75   75   75   75   75   75   76   76   77   77   78   79   80   80   81   82
   83   84   85   86   87   88   89   89   90   91   92   92   93   94   94   95
   95   96   96   96   97   97   97   97   97
    85.0-180.0 180.0   5.0 450.0                            LAT/LON1/LON2/DLON/H
  105  105  105  105  104  104  103  103  102  101  100   99   97   96   94   93
   91   89   87   86   84   82   80   79   77   75   74   72   71   70   69   68
   68   67   67   67   67   68   68   69   71   72   73   75   76   78   80   81
   83   85   86   88   89   90   92   93   94   95   96   97   98   99   99  100
  101  102  102  103  103  104  104  105  105
    82.5-180.0 180.0   5.0 450.0                            LAT/LON1/LON2/DLON/H
  107  108  108  108  108  108  108  107  107  106  105  104  102  100   99   97
   95   93   91   89   87   85   83   81   79   77   75   73   71   70   68   67
   66   65   64   64   64   65   66   67   69   71   73   75   77   79   82   84
   86   88   89   91   92   93   94   95   95   96   97   97   98   98   99  100
  101  102  102  103  104  105  106  107  107
    80.0-180.0 180.0   5.0 450.0                            LAT/LON1/LON2/DLON/H
  104  105  106  107  107  108  108  108  108  107  107  106  105  103  102  100
   98   97   95   93   92   90   88   87   85   84   82   80   78   76   74   72
   70   69   68   67   67   67   68   70   71   74   76   79   81   84   86   88
   90   91   92   93   93   94   93   93   93   93   92   92   92   93   93   94
   95   96   97   98   99  100  102  103  104
    77.5-180.0 180.0   5.0 450.0                            LAT/LON1/LON2/DLON/H
   96   98   99  101  102  103  104  105  105  106  106  105  105  104  103  102
  100   99   98   98   97   96   96   95   95   94   93   92   90   88   86   83
   81   78   76   75   74   73   74   75   77   79   81   84   87   89   91   92
   93   94   94   93   92   91   89   88   86   85   83   83   82   82   82   83
   83   85   86   88   89   91   93   95   96
    75.0-180.0 180.0   5.0 450.0                            LAT/LON1/LON2/DLON/H
   87   89   91   93   94   96   98  100  101  102  103  103  103  103  102  102
  101  101  100  101  101  102  103  104  105  106  106  106  105  103  101   97
   94   90   87   84   82   81   81   81   83   84   87   89   91   92   94   94
   94   94   92   90   87   84   81   78   75   73   71   69   68   68   68   69
   70   71   73   75   78   80   82   85   87
    72.5-180.0 180.0   5.0 450.0                            LAT/LON1/LON2/DLON/H
   78   80   83   85   87   89   92   94   96   98  100  101  101  101  101  101
  101  101  101  102  103  105  108  110  113  116  118  119  119  117  115  111
  107  102   97   93   89   87   86   86   87   88   89   91   92   92   93   92
   91   89   86   83   78   74   69   65   61   58   56   54   53   53   53   55
   56   58   61   64   67   70   73   76   78
    70.0-180.0 180.0   5.0 450.0                            LAT/LON1/LON2/DLON/H
   73   75   77   79   82   84   87   90   93   96   98  100  101  101  101  101
  101  101  101  102  103  106  109  113  117  121  124  127  128  128  125  121
  116  110  104   98   94   91   89   88   88   88   88   89   89   88   87   86
   83   80   76   72   66   61   55   50   46   43   41   40   40   40   41   43
   45   48   51   55   59   63   67   70   73
    67.5-180.0 180.0   5.0 450.0                            LAT/LON1/LON2/DLON/H
   71   73   75   77   79   82   85   88   92   95   98  101  102  103  103  103
  102  101  101  101  102  103  106  110  115  120  125  129  132  132  130  126
  120  114  106  100   95   91   88   87   86   86   85   84   82   80   78   76
   73   69   64   59   52   46   40   35   31   29   29   29   30   31   32   34
   37   40   45   50   55   60   64   68   71
    65.0-180.0 180.0   5.0 450.0                            LAT/LON1/LON2/DLON/H
   72   75   77   78   80   82   85   89   93   97  100  104  106  107  107  106
  105  103  101  100  100  100  101  104  109  114  120  125  129  131  130  126
  120  113  105   98   93   89   86   85   83   82   79   77   74   70   67   64
   61   57   52   45   39   32   25   21   19   19   20   22   24   26   28   30
   32   36   41   47   53   59   65   69   72
    62.5-180.0 180.0   5.0 450.0                            LAT/LON1/LON2/DLON/H
   76   78   80   81   82   84   87   90   94   99  103  107  110  112  112  111
  109  107  104  101   98   96   96   97  101  105  111  118  122  125  125  122
  116  109  102   95   90   86   84   82   81   78   75   71   66   61   57   53
   50   46   41   34   27   20   13   10    9   11   15   20   23   26   27   28
   30   33   38   45   52   60   66   72   76
    60.0-180.0 180.0   5.0 450.0                            LAT/LON1/LON2/DLON/H
   79   82   83   85   85   87   89   92   96  100  105  110  114  117  117  117
  114  111  107  103   98   95   92   91   93   97  102  109  114  118  118  116
  111  105   98   92   88   85   84   82   81   78   73   67   61   55   50   46
   43   39   34   27   19   11    5    2    3    8   15   22   27   29   30   29
   29   31   36   43   51   60   68   74   79
    57.5-180.0 180.0   5.0 450.0                            LAT/LON1/LON2/DLON/H
   80   84   86   88   88   89   90   92   96  100  106  111  116  119  121  121
  119  115  111  106  100   95   91   88   88   91   96  101  107  111  112  110
  106  101   95   91   88   87   86   85   84   80   75   68   61   54   49   45
   41   38   32   25   16    7    0    0    1    8   18   27   33   36   34   31
   29   30   33   40   49   58   67   75   80
    55.0-180.0 180.0   5.0 450.0                            LAT/LON1/LON2/DLON/H
   81   86   89   90   91   91   91   93   96  100  105  111  116  120  123  123
  121  118  114  109  104   98   93   89   88   89   93   98  102  105  106  105
  102   98   95   93   91   91   91   91   89   86   80   73   66   58   52   48
   45   41   36   28   18    7    0    0    2   12   24   35   42   43   40   35
   30   28   31   37   46   56   65   74   81
    52.5-180.0 180.0   5.0 450.0                            LAT/LON1/LON2/DLON/H
   80   86   90   92   93   93   93   94   96  100  104  110  115  120  122  123
  122  120  117  113  108  102   97   93   92   92   95   98  101  103  103  102
  100   98   97   96   97   98   98   99   97   94   89   82   74   67   61   57
   53   50   44   35   24   13    4    2    7   18   32   44   51   51   46   39
   32   29   30   35   43   52   62   72   80
    50.0-180.0 180.0   5.0 450.0                            LAT/LON1/LON2/DLON/H
   79   86   92   96   97   98   98   98   99  102  106  111  115  119  121  122
  121  120  118  115  112  108  103  100   99   99  101  102  103  102  101  100
   99   99   99  101  103  105  106  107  105  103   98   92   86   79   73   69
   65   61   55   46   34   22   13   10   15   27   41   53   60   59   53   44
   36   31   30   34   41   50   60   70   79
    47.5-180.0 180.0   5.0 450.0                            LAT/LON1/LON2/DLON/H
   79   88   95  100  103  104  105  106  107  108  111  114  118  120  122  122
  121  120  119  118  115  113  110  108  107  108  108  108  106  103  100   98
   98  100  103  107  110  113  114  115  113  111  108  103   98   92   86   81
   78   74   68   59   47   35   25   21   26   37   50   61   67   65   58   49
   41   36   34   36   41   48   58   68   79
    45.0-180.0 180.0   5.0 450.0                            LAT/LON1/LON2/DLON/H
   79   89   98  104  109  112  115  117  118  119  121  122  124  125  126  125
  123  122  121  120  119  117  116  115  116  117  116  114  109  104   99   97
   98  102  108  113  117  120  122  122  121  119  117  113  109  104   98   93
   89   85   80   72   61   49   39   35   38   47   58   67   72   70   63   55
   48   42   40   40   43   49   58   68   79
    42.5-180.0 180.0   5.0 450.0                            LAT/LON1/LON2/DLON/H
   80   91  101  109  115  121  125  129  132  133  134  134  134  134  133  131
  129  127  126  125  123  122  121  122  124  125  124  119  112  105   99   98
  100  106  113  120  125  129  130  131  130  128  125  122  118  113  108  103
   98   94   89   83   73   62   53   49   50   57   65   72   74   72   67   60
   55   50   47   46   47   51   58   68   80
    40.0-180.0 180.0   5.0 450.0                            LAT/LON1/LON2/DLON/H
   80   91  102  111  119  127  135  141  145  147  148  147  147  146  144  141
  137  134  132  131  129  127  127  128  130  132  130  124  116  107  102  101
  106  114  122  129  135  138  140  141  140  137  134  130  125  120  114  108
  103   99   96   90   83   74   66   61   61   65   70   74   75   72   69   65
   61   57   54   51   50   52   58   68   80
    37.5-180.0 180.0   5.0 450.0                            LAT/LON1/LON2/DLON/H
   78   89  100  109  119  129  139  148  155  158  159  159  158  158  156  152
  148  144  141  139  136  134  133  134  136  138  136  130  120  112  108  110
  116  126  135  142  147  151  153  154  153  149  143  137  131  124  117  111
  105  101   98   95   89   82   75   70   69   71   73   74   73   72   70   68
   66   63   59   54   51   52   57   66   78
    35.0-180.0 180.0   5.0 450.0                            LAT/LON1/LON2/DLON/H
   73   84   94  104  115  126  138  149  157  162  165  166  167  167  166  163
  159  155  151  148  145  142  140  141  144  145  143  136  127  121  119  123
  132  143  151  158  162  166  169  171  169  162  153  143  134  126  118  110
  104  101   98   95   91   85   79   76   74   74   73   73   72   71   70   69
   68   66   61   55   50   50   54   63   73
    32.5-180.0 180.0   5.0 450.0                            LAT/LON1/LON2/DLON/H
   67   77   87   96  107  118  130  142  151  158  163  166  169  172  173  171
  168  163  160  158  155  151  149  150  152  154  151  145  138  134  135  143
  153  164  172  177  180  184  187  189  186  177  164  149  136  126  117  108
  102   98   95   92   89   84   79   76   75   74   73   72   71   70   70   70
   70   67   61   54   48   47   50   58   67
    30.0-180.0 180.0   5.0 450.0                            LAT/LON1/LON2/DLON/H
   62   70   79   88   97  107  118  129  139  147  153  159  166  172  176  176
  173  169  167  166  164  161  160  161  163  164  162  157  152  151  156  166
  178  188  194  198  199  202  206  208  203  191  174  155  138  125  115  106
  100   95   92   88   84   79   76   74   73   73   72   71   70   71   71   71
   70   67   60   53   47   45   47   54   62
    27.5-180.0 180.0   5.0 450.0                            LAT/LON1/LON2/DLON/H
   58   66   74   82   90   97  104  113  123  132  140  148  158  168  174  177
  175  172  172  172  172  172  171  173  175  176  175  172  170  172  180  191
  203  212  216  218  218  220  223  224  218  203  181  159  140  125  115  106
   98   93   88   84   79   74   70   69   70   71   71   71   72   73   74   73
   71   67   61   53   47   45   47   51   58
    25.0-180.0 180.0   5.0 450.0                            LAT/LON1/LON2/DLON/H
   59   66   74   82   87   90   94  100  109  118  127  137  149  162  172  176
  175  174  175  177  180  182  183  185  188  190  189  188  189  194  203  215
  225  232  236  235  234  235  236  236  228  211  186  161  141  127  116  107
   99   93   87   81   75   69   66   66   68   70   71   73   75   76   77   76
   73   69   63   57   52   49   50   53   59
    22.5-180.0 180.0   5.0 450.0                            LAT/LON1/LON2/DLON/H
   64   71   80   87   91   91   90   93  100  109  118  129  143  158  171  177
  177  177  178  183  187  191  194  198  202  204  204  205  208  216  225  235
  243  248  250  250  247  246  245  242  233  213  188  163  143  130  120  111
  102   95   88   81   74   67   64   65   68   71   73   75   78   80   80   79
   76   72   68   64   59   57   57   59   64
    20.0-180.0 180.0   5.0 450.0                            LAT/LON1/LON2/DLON/H
   73   81   91   99  101   98   94   95  101  109  118  129  143  160  174  182
  184  183  185  190  196  201  206  211  215  218  219  222  228  236  245  251
  256  259  261  260  258  254  250  244  232  212  187  163  146  134  126  117
  107   99   91   84   76   69   66   68   71   74   76   78   81   83   83   81
   79   77   75   72   69   67   66   68   73
    17.5-180.0 180.0   5.0 450.0                            LAT/LON1/LON2/DLON/H
   83   93  105  114  116  111  106  106  112  120  128  137  150  168  184  194
  197  196  197  202  208  213  218  224  228  232  235  240  247  256  261  264
  264  265  267  268  265  260  253  243  229  208  184  163  149  140  133  124
  113  104   96   88   81   75   73   74   76   78   79   81   82   83   83   81
   81   81   81   81   79   77   76   77   83
    15.0-180.0 180.0   5.0 450.0                            LAT/LON1/LON2/DLON/H
   92  103  118  129  131  127  123  124  131  139  145  152  164  182  200  211
  215  215  215  218  223  227  232  237  242  246  251  258  267  274  276  273
  269  269  272  274  272  264  253  240  224  203  181  163  152  146  139  130
  119  109  101   94   88   83   81   82   84   84   82   81   81   81   80   79
   80   82   85   86   85   83   83   85   92
    12.5-180.0 180.0   5.0 450.0                            LAT/LON1/LON2/DLON/H
   96  110  127  140  145  143  141  144  153  162  167  171  181  198  218  232
  238  238  237  238  241  244  248  253  257  262  268  277  287  293  291  282
  274  272  275  279  277  268  254  237  219  198  179  163  155  150  144  134
  122  111  104   99   95   91   90   91   91   88   84   80   77   75   74   74
   76   80   84   86   85   84   84   88   96
    10.0-180.0 180.0   5.0 450.0                            LAT/LON1/LON2/DLON/H
   95  112  131  146  154  155  156  164  176  185  188  190  198  215  235  251
  259  261  260  260  260  262  265  269  274  279  286  296  307  311  305  292
  279  275  279  283  281  270  253  234  214  194  176  162  155  151  144  134
  121  111  105  102   99   97   97   97   95   90   83   76   71   68   67   67
   70   74   78   80   80   79   80   85   95
     7.5-180.0 180.0   5.0 450.0                            LAT/LON1/LON2/DLON/H
   89  107  128  146  156  161  167  179  193  203  205  205  211  227  248  266
  276  279  279  279  278  279  281  285  290  296  304  315  326  328  319  302
  286  279  281  285  281  269  250  230  209  189  172  160  152  148  140  129
  117  108  103  102  101  100   99   98   95   88   79   70   63   60   58   59
   62   66   69   69   68   68   70   77   89
     5.0-180.0 180.0   5.0 450.0                            LAT/LON1/LON2/DLON/H
   79   98  121  140  153  162  172  187  203  213  215  214  219  233  254  272
  284  290  292  292  292  293  295  300  305  312  320  332  342  343  331  311
  292  282  281  282  276  263  243  222  202  183  166  154  146  140  132  120
  109  101   98   98   98   97   96   94   90   82   72   62   56   52   51   52
   54   57   58   57   55   55   58   66   79
     2.5-180.0 180.0   5.0 450.0                            LAT/LON1/LON2/DLON/H
   68   88  110  131  147  159  173  190  207  217  219  218  222  235  253  270
  282  290  295  297  299  301  305  311  316  323  332  344  353  353  339  317
  296  283  277  273  265  249  230  210  191  173  157  144  135  128  119  108
   99   93   91   92   92   91   88   85   79   72   62   54   48   45   45   46
   48   49   48   45   42   42   46   54   68
