examples/codg2240.05i
     1.0            IONOSPHERE MAPS     GNSS                IONEX VERSION / TYPE
ADDNEQ2 V5.1        AIUB                17-AUG-05 01:29     PGM / RUN BY / DATE 
CODE'S GLOBAL IONOSPHERE MAPS FOR DAY 224, 2005             COMMENT             
Global ionosphere maps (GIM) are generated on a daily basis DESCRIPTION         
at CODE using data from about 150 GPS sites of the IGS and  DESCRIPTION         
other institutions. The vertical total electron content     DESCRIPTION         
(VTEC) is modeled in a solar-geomagnetic reference frame    DESCRIPTION         
using a spherical harmonics expansion up to degree and      DESCRIPTION         
order 15. Piece-wise linear functions are used for          DESCRIPTION         
representation in the time domain. The time spacing of      DESCRIPTION         
their vertices is 2 hours, conforming with the epochs of    DESCRIPTION         
the VTEC maps. Instrumental biases, so-called differential  DESCRIPTION         
P1-P2 code biases (DCB), for all GPS satellites and ground  DESCRIPTION         
stations are estimated as constant values for each day,     DESCRIPTION         
simultaneously with the 13 times 256, or 3328 parameters    DESCRIPTION         
used to represent the global VTEC distribution. The DCB     DESCRIPTION         
datum is defined by a zero-mean condition imposed on the    DESCRIPTION         
satellite bias estimates. P1-C1 bias corrections are taken  DESCRIPTION         
into account if needed. To convert line-of-sight TEC into   DESCRIPTION         
vertical TEC, a modified single-layer model mapping         DESCRIPTION         
function approximating the JPL extended slab model mapping  DESCRIPTION         
function is adopted. The mapping function is evaluated at   DESCRIPTION         
geodetic satellite elevation angles. For the computation of DESCRIPTION         
the ionospheric pierce points, a spherical layer with a     DESCRIPTION         
radius of 6821 km is assumed, implying geocentric, not      DESCRIPTION         
geodetic IONEX latitudes.                                   DESCRIPTION         
Note: These GIM results correspond to the results for the   DESCRIPTION         
middle day of a 3-day combination analysis solving for 37   DESCRIPTION         
times 256, or 9472 VTEC parameters and one common set of    DESCRIPTION         
satellite and 24-hour receiver DCB constants.               DESCRIPTION         
Contact address: stefan.schaer or igsauto @aiub.unibe.ch    DESCRIPTION         
Web site:        http://www.aiub.unibe.ch/ionosphere/       DESCRIPTION         
Data archive:    ftp://ftp.unibe.ch/aiub/CODE/              DESCRIPTION         
                 http://www.aiub.unibe.ch/download/CODE/    DESCRIPTION         
  2005     8    12     0     0     0                        EPOCH OF FIRST MAP  
  2005     8    13     0     0     0                        EPOCH OF LAST MAP   
  7200                                                      INTERVAL            
    13                                                      # OF MAPS IN FILE   
  NONE                                                      MAPPING FUNCTION    
    10.0                                                    ELEVATION CUTOFF    
One-way carrier phase leveled to code                       OBSERVABLES USED    
[...]
 483                                                        COMMENT             
List of stations:                                           COMMENT             
albh algo alic alrt amc2 amun artu aspa auck bahr bako bili COMMENT             
bjfs bogt bor1 brmu brst brus cagl cagz cas1 cedu chat chpi COMMENT             
chur coco conz cord crar daka darr darw dav1 dgar drao dubo COMMENT             
dwh1 ebre fair flin glps glsv gode godz gold gope gras guam COMMENT             
guat harb hers hert hflk hob2 hofn holb holm hrao ieng iisc COMMENT             
invk irkj irkt ispa jab1 joz2 joze karr kerg kgn0 khaj kir0 COMMENT             
kiru kit3 kokb kosg kou1 kour kunm lama lhas lhaz lpal lpgs COMMENT             
mac1 madr mag0 mald mali mana mas1 mat1 mate maui maw1 mbar COMMENT             
mcm4 mdo1 mdvj medi mets metz mizu mkea morp msku mtka nano COMMENT             
nisu nklg nlib not1 noum novj npld nrc1 nril nssp ntus nya1 COMMENT             
obe2 ohi2 ohi3 onsa opmt pado pdel pert petp pie1 pol2 pots COMMENT             
prds ptbb qaq1 quin rabt ramo rbay reso reun reyk reyz riog COMMENT             
sant sch2 sele sfer shao spt0 ssia stjo str2 suth suwn sydn COMMENT             
syog thti thu2 thu3 tidb tixi tlse tow2 trab tro1 tskb twtf COMMENT             
uclu unb1 usn3 usno usud vill wab1 wab2 wes2 whit will wsrt COMMENT             
wtza wtzj wtzr wtzz wuhn yakt yar2 yarr yell yibl yssk zimj COMMENT             
zimm zimz zwe2                                              COMMENT             
                                                            END OF HEADER       
[from data line 4719]
    12                                                      START OF TEC MAP    
  2005     8    12    22     0     0                        EPOCH OF CURRENT MAP
    87.5-180.0 180.0   5.0 450.0                            LAT/LON1/LON2/DLON/H
   93   93   93   93   93   93   93   93   93   93   93   93   93   93   93   93
   92   92   92   92   92   91   91   91   90   90   90   90   89   89   89   89
   89   89   89   89   89   89   89   90   90   90   91   91   92   92   92   93
   93   94   94   94   94   95   95   95   95   95   95   95   95   94   94   94
   94   94   94   93   93   93   93   93   93
    85.0-180.0 180.0   5.0 450.0                            LAT/LON1/LON2/DLON/H
   92   93   93   93   94   94   95   95   95   96   96   96   97   97   97   96
   96   96   95   95   94   93   93   92   91   90   89   88   88   87   86   86
   85   85   85   85   85   85   86   87   87   88   89   91   92   93   94   95
   96   97   98   98   99   99   99   99   99   99   98   97   97   96   95   95
   94   94   93   93   92   92   92   92   92
    82.5-180.0 180.0   5.0 450.0                            LAT/LON1/LON2/DLON/H
   90   91   92   93   94   95   97   98   99  100  100  101  102  102  102  102
  101  101  100   99   98   97   96   95   93   92   90   89   87   86   84   83
   82   81   81   81   81   81   82   83   84   86   87   89   91   93   95   97
   99  100  101  102  103  103  103  102  101  101   99   98   97   95   94   93
   92   91   90   89   89   89   89   90   90
    80.0-180.0 180.0   5.0 450.0                            LAT/LON1/LON2/DLON/H
   87   89   91   93   95   97   99  101  102  104  105  106  107  107  107  107
  106  105  105  103  102  101   99   97   96   94   92   89   87   85   84   82
   80   79   78   77   77   77   77   78   80   81   83   86   88   91   93   96
   98  100  101  102  103  103  102  101  100   98   97   95   93   91   89   88
   86   85   84   84   84   84   85   86   87
    77.5-180.0 180.0   5.0 450.0                            LAT/LON1/LON2/DLON/H
   85   87   90   93   96   99  101  104  106  108  109  110  110  110  110  109
  108  107  106  105  104  102  100   98   97   94   92   90   88   86   83   81
   80   78   76   75   74   73   73   73   74   75   77   80   82   85   88   90
   93   95   96   97   97   97   96   95   93   91   89   87   85   83   82   80
   79   78   78   78   78   79   81   83   85
    75.0-180.0 180.0   5.0 450.0                            LAT/LON1/LON2/DLON/H
   83   87   90   94   97  101  104  106  109  110  112  112  112  112  111  109
  108  106  105  103  102  100   99   97   95   93   91   89   87   85   83   81
   80   78   76   74   72   70   69   68   68   68   69   71   73   75   78   80
   82   84   85   86   86   85   84   83   81   79   78   76   75   74   73   72
   72   71   72   73   74   76   78   80   83
    72.5-180.0 180.0   5.0 450.0                            LAT/LON1/LON2/DLON/H
   84   88   92   96   99  103  106  109  111  112  113  113  113  112  110  108
  105  103  101   99   97   96   95   93   92   90   89   87   86   84   83   81
   80   78   76   74   71   68   66   63   61   60   59   60   61   62   64   66
   68   70   70   70   70   69   68   67   66   65   65   64   64   64   65   65
   66   67   68   69   71   74   77   80   84
    70.0-180.0 180.0   5.0 450.0                            LAT/LON1/LON2/DLON/H
   86   90   94   98  102  105  108  110  112  114  114  114  113  111  108  105
  102   99   96   94   93   91   90   89   88   86   85   84   83   83   82   81
   80   79   77   74   71   67   63   59   55   52   50   48   48   49   50   52
   53   53   54   53   53   52   52   51   51   52   53   54   56   58   60   61
   63   65   67   69   72   75   78   82   86
    67.5-180.0 180.0   5.0 450.0                            LAT/LON1/LON2/DLON/H
   90   94   98  101  104  107  109  111  113  114  115  115  114  112  108  105
  101   97   94   91   89   88   87   86   85   84   83   82   82   82   82   82
   81   80   78   75   71   66   61   55   50   45   41   39   38   38   38   39
   39   39   39   39   38   38   38   39   41   43   46   49   53   56   59   62
   64   67   69   72   75   78   82   86   90
    65.0-180.0 180.0   5.0 450.0                            LAT/LON1/LON2/DLON/H
   95   99  102  105  107  109  110  112  113  115  116  116  116  114  111  107
  102   98   95   92   90   89   87   86   85   84   83   83   82   83   83   83
   82   81   79   75   71   66   59   53   46   41   36   33   31   31   31   31
   31   30   30   29   29   30   31   33   37   41   45   50   55   59   63   66
   69   71   74   76   79   83   87   91   95
    62.5-180.0 180.0   5.0 450.0                            LAT/LON1/LON2/DLON/H
  100  104  107  109  111  111  112  113  114  115  117  118  118  117  115  111
  107  103   99   97   95   93   92   91   90   89   88   87   87   86   86   85
   84   82   79   76   71   65   59   52   46   40   35   32   30   30   29   29
   29   28   27   27   27   28   31   35   40   46   52   57   62   66   70   72
   75   77   79   82   84   88   92   96  100
    60.0-180.0 180.0   5.0 450.0                            LAT/LON1/LON2/DLON/H
  105  109  112  114  115  115  115  114  115  116  118  120  121  121  120  118
  114  111  107  105  103  102  101  100   98   97   96   95   94   93   92   90
   87   84   80   76   71   66   60   53   47   42   38   36   35   35   35   34
   33   32   31   31   32   34   38   44   50   57   63   68   73   76   78   80
   81   83   85   87   89   93   96  100  105
    57.5-180.0 180.0   5.0 450.0                            LAT/LON1/LON2/DLON/H
  109  113  117  120  121  120  119  118  118  118  119  121  124  125  125  124
  122  119  116  114  112  111  111  110  109  107  106  105  104  102  100   96
   92   87   82   77   72   67   61   56   51   47   45   44   44   45   44   44
   42   41   40   39   41   44   49   56   64   71   77   81   84   85   86   86
   87   88   90   92   94   97  101  105  109
    55.0-180.0 180.0   5.0 450.0                            LAT/LON1/LON2/DLON/H
  113  118  122  126  128  128  127  125  123  121  121  123  125  127  129  129
  128  126  124  122  121  120  120  119  118  118  117  116  114  112  108  103
   97   90   83   78   73   68   64   59   56   54   53   54   55   57   57   55
   53   51   50   49   51   55   61   69   77   84   90   93   94   93   92   91
   92   93   95   98  100  102  105  109  113
    52.5-180.0 180.0   5.0 450.0                            LAT/LON1/LON2/DLON/H
  117  122  127  132  136  137  136  134  130  127  125  124  126  128  130  132
  132  130  128  127  126  126  126  126  126  126  125  124  123  120  116  109
  101   93   86   80   75   71   67   63   61   60   61   64   66   68   68   66
   63   60   58   58   60   65   71   79   88   94   99  101  100   98   96   95
   96   98  102  105  108  109  111  113  117
    50.0-180.0 180.0   5.0 450.0                            LAT/LON1/LON2/DLON/H
  121  126  132  139  144  148  148  145  140  135  130  127  126  128  130  132
  133  132  130  129  128  128  128  129  130  130  130  130  128  126  121  114
  106   97   89   83   78   74   70   67   65   66   68   72   75   77   76   74
   70   67   64   64   66   70   77   85   93  100  104  105  104  101   99   98
  100  104  110  115  118  119  118  119  121
    47.5-180.0 180.0   5.0 450.0                            LAT/LON1/LON2/DLON/H
  126  130  136  144  152  157  159  157  151  144  137  131  129  129  131  132
  133  132  130  129  128  128  129  130  131  132  132  132  131  128  124  118
  109  101   93   87   83   79   75   71   69   70   73   78   81   83   81   77
   73   69   67   66   68   72   78   86   93  100  104  105  104  102  101  102
  106  113  121  127  131  130  128  126  126
    45.0-180.0 180.0   5.0 450.0                            LAT/LON1/LON2/DLON/H
  131  133  139  148  157  164  167  167  162  155  146  139  134  133  133  134
  134  132  131  129  128  128  129  131  132  133  133  132  131  128  125  120
  113  106   99   93   89   84   80   75   72   73   77   81   84   85   82   78
   73   69   66   66   67   70   75   82   89   95   99  102  103  103  104  107
  114  123  134  142  146  144  139  134  131
    42.5-180.0 180.0   5.0 450.0                            LAT/LON1/LON2/DLON/H
  136  136  141  149  158  166  171  173  171  165  157  149  143  140  138  138
  137  135  133  132  131  131  132  134  136  136  135  133  131  129  126  122
  117  111  105  100   96   91   85   79   76   76   79   84   86   85   81   76
   71   68   65   64   65   67   71   76   82   88   93   97  101  104  108  114
  123  135  147  157  161  158  151  142  136
    40.0-180.0 180.0   5.0 450.0                            LAT/LON1/LON2/DLON/H
  141  138  141  148  156  164  170  174  175  172  167  160  154  150  147  145
  143  141  140  139  139  139  140  142  143  143  141  137  134  131  129  126
  123  118  112  108  103   97   90   84   80   80   83   86   87   85   80   75
   70   67   65   64   64   65   67   70   75   80   85   92   99  106  113  121
  133  146  160  170  173  170  160  149  141
    37.5-180.0 180.0   5.0 450.0                            LAT/LON1/LON2/DLON/H
  144  139  140  145  152  159  165  171  175  177  175  171  167  163  159  156
  152  150  150  150  150  151  152  154  155  155  152  146  141  137  135  133
  129  125  119  114  109  102   95   89   85   85   88   90   90   86   80   75
   71   69   67   66   64   64   64   66   68   72   78   87   97  108  118  129
  141  155  169  178  182  177  167  154  144
    35.0-180.0 180.0   5.0 450.0                            LAT/LON1/LON2/DLON/H
  146  140  140  144  148  152  158  165  173  179  182  181  179  176  172  168
  164  162  162  164  165  166  167  169  171  170  166  159  152  147  144  141
  137  131  124  118  112  106   99   94   91   91   93   94   93   88   82   77
   74   72   71   69   67   65   63   63   63   66   72   83   96  110  123  135
  147  161  173  182  185  181  170  157  146
    32.5-180.0 180.0   5.0 450.0                            LAT/LON1/LON2/DLON/H
  147  142  142  144  147  149  152  159  169  179  186  190  191  190  186  181
  177  175  176  179  181  182  183  185  187  187  181  173  165  159  155  150
  144  136  127  119  113  107  101   97   96   97   98   98   95   90   84   80
   78   77   76   73   69   66   63   61   60   61   67   79   95  111  126  139
  151  163  174  181  184  179  169  157  147
    30.0-180.0 180.0   5.0 450.0                            LAT/LON1/LON2/DLON/H
  148  144  146  149  150  150  152  158  169  181  191  198  201  202  200  196
  191  189  191  194  196  196  197  199  201  201  195  186  177  170  165  158
  148  137  126  117  110  105  101   99   99  100  101  100   96   91   86   83
   81   81   79   75   71   67   64   60   57   58   64   76   94  111  127  141
  152  163  172  178  179  175  167  156  148
    27.5-180.0 180.0   5.0 450.0                            LAT/LON1/LON2/DLON/H
  150  149  153  158  160  160  160  165  175  187  198  206  212  216  216  212
  207  205  207  210  211  210  209  210  212  210  204  194  185  178  171  162
  149  134  121  111  104  100   98   98   99  100  100   98   94   89   85   83
   83   82   80   76   71   67   63   59   56   56   61   74   92  111  128  141
  153  162  169  173  174  171  164  156  150
    25.0-180.0 180.0   5.0 450.0                            LAT/LON1/LON2/DLON/H
  153  155  162  170  176  177  177  180  189  199  209  217  225  232  235  233
  229  226  226  227  226  222  219  218  218  215  207  196  187  180  173  161
  145  128  113  103   97   94   93   93   95   96   95   93   89   84   82   81
   81   80   77   73   69   65   62   58   55   54   60   73   91  110  127  142
  153  162  168  171  171  169  164  157  153
    22.5-180.0 180.0   5.0 450.0                            LAT/LON1/LON2/DLON/H
  159  162  172  184  194  198  200  204  210  218  225  232  242  252  259  260
  256  252  251  249  245  238  232  227  223  216  205  193  183  176  169  156
  138  119  104   94   89   87   87   87   88   88   87   84   80   77   76   75
   75   74   72   68   65   62   59   56   54   54   60   73   91  110  127  142
  154  163  169  172  173  171  167  162  159
    20.0-180.0 180.0   5.0 450.0                            LAT/LON1/LON2/DLON/H
  168  171  183  198  212  221  226  231  236  241  246  252  263  278  289  294
  291  287  283  278  270  260  249  240  230  217  201  185  174  168  160  147
  129  110   95   87   83   82   81   81   81   79   76   73   70   68   68   68
   68   67   65   62   60   58   57   55   53   54   61   74   90  109  127  143
  156  167  174  177  178  177  174  170  168
    17.5-180.0 180.0   5.0 450.0                            LAT/LON1/LON2/DLON/H
  179  182  193  211  228  242  251  258  263  266  269  275  288  307  324  332
  332  327  322  314  303  289  274  259  243  222  198  178  165  158  150  137
  120  102   90   83   81   79   78   76   73   70   66   62   60   60   60   60
   60   59   57   56   56   55   54   53   53   55   62   74   90  108  126  143
  159  171  179  184  186  187  185  182  179
    15.0-180.0 180.0   5.0 450.0                            LAT/LON1/LON2/DLON/H
  192  193  203  220  239  256  269  279  286  289  290  297  313  336  358  371
  374  370  364  355  342  325  306  286  262  233  201  175  158  150  142  130
  114   98   88   84   82   80   77   73   68   63   59   55   54   55   55   55
   53   52   52   52   53   53   53   52   52   55   61   72   87  105  124  143
  160  174  184  190  195  198  198  196  192
    12.5-180.0 180.0   5.0 450.0                            LAT/LON1/LON2/DLON/H
  207  207  214  228  246  264  279  292  301  305  307  315  334  360  386  403
  409  408  404  396  383  365  343  317  287  250  211  178  157  146  138  127
  112   99   91   88   86   84   79   73   66   60   55   53   52   53   53   52
   50   49   49   51   52   53   52   51   51   54   59   69   83  100  120  140
  159  175  186  194  201  207  211  210  207
    10.0-180.0 180.0   5.0 450.0                            LAT/LON1/LON2/DLON/H
  224  223  227  236  250  266  282  296  307  312  316  326  346  375  403  423
  432  435  434  430  418  401  377  348  313  270  226  189  163  149  140  129
  116  105   97   94   92   89   83   76   68   61   57   55   55   55   55   53
   50   48   49   52   53   53   51   49   49   50   54   62   75   93  114  136
  155  171  183  194  204  213  221  224  224
     7.5-180.0 180.0   5.0 450.0                            LAT/LON1/LON2/DLON/H
  240  241  243  247  255  267  280  294  305  311  316  327  348  376  404  425
  437  444  448  448  441  425  402  373  335  290  244  203  174  157  145  135
  123  112  105  101   98   93   87   79   72   65   62   60   60   60   59   56
   53   51   52   54   54   52   49   46   45   44   46   52   65   84  107  129
  149  164  177  188  201  214  227  236  240
     5.0-180.0 180.0   5.0 450.0                            LAT/LON1/LON2/DLON/H
  255  260  262  262  264  269  278  290  299  305  310  321  339  364  389  409
  422  433  443  448  445  433  412  384  347  304  259  218  187  167  153  142
  131  120  111  105  100   95   89   82   75   70   67   67   66   66   65   61
   58   56   56   56   55   51   45   41   38   36   36   40   53   74   99  122
  140  154  166  179  193  210  227  243  255
     2.5-180.0 180.0   5.0 450.0                            LAT/LON1/LON2/DLON/H
  266  278  282  280  276  276  280  287  294  298  301  309  324  343  362  378
  392  405  418  428  430  421  404  378  346  308  267  229  197  175  160  148
  137  125  114  105   98   93   88   83   78   74   72   72   71   71   69   67
   63   61   59   58   54   47   40   34   30   27   25   29   42   65   92  115
  133  145  155  167  182  201  223  246  266
