examples/codg2240.05i
     1.0            IONOSPHERE MAPS     GNSS                IONEX VERSION / TYPE
ADDNEQ2 V5.1        AIUB                17-AUG-05 01:29     PGM / RUN BY / DATE 
CODE'S GLOBAL IONOSPHERE MAPS FOR DAY 224, 2005             COMMENT             
Global ionosphere maps (GIM) are generated on a daily basis DESCRIPTION         
at CODE using data from about 150 GPS sites of the IGS and  DESCRIPTION         
other institutions. The vertical total electron content     DESCRIPTION         
(VTEC) is modeled in a solar-geomagnetic reference frame    DESCRIPTION         
using a spherical harmonics expansion up to degree and      DESCRIPTION         
order 15. Piece-wise linear functions are used for          DESCRIPTION         
representation in the time domain. The time spacing of      DESCRIPTION         
their vertices is 2 hours, conforming with the epochs of    DESCRIPTION         
the VTEC maps. Instrumental biases, so-called differential  DESCRIPTION         
P1-P2 code biases (DCB), for all GPS satellites and ground  DESCRIPTION         
stations are estimated as constant values for each day,     DESCRIPTION         
simultaneously with the 13 times 256, or 3328 parameters    DESCRIPTION         
used to represent the global VTEC distribution. The DCB     DESCRIPTION         
datum is defined by a zero-mean condition imposed on the    DESCRIPTION         
satellite bias estimates. P1-C1 bias corrections are taken  DESCRIPTION         
into account if needed. To convert line-of-sight TEC into   DESCRIPTION         
vertical TEC, a modified single-layer model mapping         DESCRIPTION         
function approximating the JPL extended slab model mapping  DESCRIPTION         
function is adopted. The mapping function is evaluated at   DESCRIPTION         
geodetic satellite elevation angles. For the computation of DESCRIPTION         
the ionospheric pierce points, a spherical layer with a     DESCRIPTION         
radius of 6821 km is assumed, implying geocentric, not      DESCRIPTION         
geodetic IONEX latitudes.                                   DESCRIPTION         
Note: These GIM results correspond to the results for the   DESCRIPTION         
middle day of a 3-day combination analysis solving for 37   DESCRIPTION         
times 256, or 9472 VTEC parameters and one common set of    DESCRIPTION         
satellite and 24-hour receiver DCB constants.               DESCRIPTION         
Contact address: stefan.schaer or igsauto @aiub.unibe.ch    DESCRIPTION         
Web site:        http://www.aiub.unibe.ch/ionosphere/       DESCRIPTION         
Data archive:    ftp://ftp.unibe.ch/aiub/CODE/              DESCRIPTION         
                 http://www.aiub.unibe.ch/download/CODE/    DESCRIPTION         
  2005     8    12     0     0     0                        EPOCH OF FIRST MAP  
  2005     8    13     0     0     0                        EPOCH OF LAST MAP   
  7200                                                      INTERVAL            
    13                                                      # OF MAPS IN FILE   
  NONE                                                      MAPPING FUNCTION    
    10.0                                                    ELEVATION CUTOFF    
One-way carrier phase leveled to code                       OBSERVABLES USED    
[...]
 483                                                        COMMENT             
List of stations:                                           COMMENT             
albh algo alic alrt amc2 amun artu aspa auck bahr bako bili COMMENT             
bjfs bogt bor1 brmu brst brus cagl cagz cas1 cedu chat chpi COMMENT             
chur coco conz cord crar daka darr darw dav1 dgar drao dubo COMMENT             
dwh1 ebre fair flin glps glsv gode godz gold gope gras guam COMMENT             
guat harb hers hert hflk hob2 hofn holb holm hrao ieng iisc COMMENT             
invk irkj irkt ispa jab1 joz2 joze karr kerg kgn0 khaj kir0 COMMENT             
kiru kit3 kokb kosg kou1 kour kunm lama lhas lhaz lpal lpgs COMMENT             
mac1 madr mag0 mald mali mana mas1 mat1 mate maui maw1 mbar COMMENT             
mcm4 mdo1 mdvj medi mets metz mizu mkea morp msku mtka nano COMMENT             
nisu nklg nlib not1 noum novj npld nrc1 nril nssp ntus nya1 COMMENT             
obe2 ohi2 ohi3 onsa opmt pado pdel pert petp pie1 pol2 pots COMMENT             
prds ptbb qaq1 quin rabt ramo rbay reso reun reyk reyz riog COMMENT             
sant sch2 sele sfer shao spt0 ssia stjo str2 suth suwn sydn COMMENT             
syog thti thu2 thu3 tidb tixi tlse tow2 trab tro1 tskb twtf COMMENT             
uclu unb1 usn3 usno usud vill wab1 wab2 wes2 whit will wsrt COMMENT             
wtza wtzj wtzr wtzz wuhn yakt yar2 yarr yell yibl yssk zimj COMMENT             
zimm zimz zwe2                                              COMMENT             
                                                            END OF HEADER       
[from data line 858]
     3                                                      START OF TEC MAP    
  2005     8    12     4     0     0                        EPOCH OF CURRENT MAP
    87.5-180.0 180.0   5.0 450.0                            LAT/LON1/LON2/DLON/H
  108  108  108  108  108  108  108  108  109  109  109  109  109  109  109  109
  109  109  108  108  108  108  107  107  107  106  106  106  105  105  104  104
  104  103  103  102  102  102  102  102  101  101  101  101  101  102  102  102
  102  102  103  103  103  103  104  104  104  105  105  105  106  106  106  106
  106  107  107  107  107  107  107  107  108
    85.0-180.0 180.0   5.0 450.0                            LAT/LON1/LON2/DLON/H
  104  104  104  104  105  105  105  105  106  106  106  106  107  107  107  107
  107  107  107  107  106  106  105  104  103  103  102  101   99   98   97   96
   95   94   94   93   92   92   91   91   91   91   91   91   91   92   92   93
   93   94   95   96   97   97   98   99  100  101  101  102  102  103  103  103
  103  103  103  103  104  104  104  104  104
    82.5-180.0 180.0   5.0 450.0                            LAT/LON1/LON2/DLON/H
   98   98   98   98   99   99   99  100  100  100  101  101  102  102  102  103
  103  103  103  103  102  102  101   99   98   96   94   92   91   89   87   85
   83   82   81   80   79   78   78   77   77   77   77   78   78   79   80   81
   83   84   86   87   89   91   92   94   95   96   97   98   98   99   99   99
   99   99   99   98   98   98   98   98   98
    80.0-180.0 180.0   5.0 450.0                            LAT/LON1/LON2/DLON/H
   92   92   92   93   93   94   94   94   94   94   95   95   95   95   96   96
   97   97   97   97   97   96   95   93   91   88   85   82   79   76   74   71
   69   67   66   65   64   64   63   63   63   63   64   65   66   67   68   70
   72   74   77   79   82   85   87   89   91   93   94   95   95   96   96   95
   95   94   93   93   92   92   92   92   92
    77.5-180.0 180.0   5.0 450.0                            LAT/LON1/LON2/DLON/H
   87   88   88   89   90   90   90   90   90   89   89   88   88   88   88   89
   90   90   91   91   91   90   89   87   84   80   76   72   67   63   60   57
   55   53   52   51   51   51   51   51   52   52   53   54   55   57   59   61
   64   67   71   74   77   81   84   87   89   91   93   93   94   94   93   92
   91   90   89   88   87   87   86   87   87
    75.0-180.0 180.0   5.0 450.0                            LAT/LON1/LON2/DLON/H
   84   85   86   88   88   89   89   88   87   86   85   83   82   81   81   81
   82   83   84   85   86   85   84   81   77   73   67   61   56   51   46   43
   41   40   39   40   40   41   42   43   44   45   46   48   49   52   54   57
   61   64   68   72   76   80   84   87   90   92   93   94   94   93   92   90
   89   87   85   84   83   83   83   83   84
    72.5-180.0 180.0   5.0 450.0                            LAT/LON1/LON2/DLON/H
   83   84   86   88   89   90   90   89   87   85   82   79   77   75   73   73
   74   75   77   79   80   80   79   77   72   67   60   53   46   40   35   31
   30   29   30   31   33   35   37   39   41   42   44   47   49   52   55   59
   63   67   71   75   79   83   86   89   92   93   94   95   94   93   91   89
   87   85   83   81   80   80   80   81   83
    70.0-180.0 180.0   5.0 450.0                            LAT/LON1/LON2/DLON/H
   82   84   87   89   90   91   91   90   87   84   81   77   73   69   67   66
   66   67   70   72   74   76   75   73   68   62   54   46   38   31   25   22
   21   21   23   26   29   32   35   38   41   44   47   50   54   58   62   66
   70   74   78   82   85   88   91   93   95   96   96   96   95   93   91   89
   86   84   82   80   79   78   79   80   82
    67.5-180.0 180.0   5.0 450.0                            LAT/LON1/LON2/DLON/H
   81   84   86   89   91   92   92   90   88   84   80   75   70   66   62   60
   59   60   62   65   69   71   71   69   65   58   49   40   31   24   18   15
   15   16   19   23   27   31   35   39   43   48   52   57   63   68   73   78
   82   85   88   91   93   95   96   97   97   97   96   96   95   93   91   89
   86   84   82   80   79   78   78   80   81
    65.0-180.0 180.0   5.0 450.0                            LAT/LON1/LON2/DLON/H
   81   83   85   88   89   90   90   89   87   83   79   74   69   64   59   56
   54   54   56   59   62   65   66   65   61   54   45   36   26   19   13   11
   11   13   17   21   26   31   35   40   46   52   59   66   73   80   86   91
   95   97   99  100  100  100   99   98   97   96   95   94   93   92   91   89
   87   85   84   82   81   80   79   80   81
    62.5-180.0 180.0   5.0 450.0                            LAT/LON1/LON2/DLON/H
   82   83   84   86   87   88   88   87   84   81   77   73   68   63   58   54
   51   49   50   52   55   58   60   59   56   49   41   32   23   15   10    8
    9   11   15   20   24   30   35   41   48   56   65   75   84   92   99  103
  107  108  108  107  105  103  100   98   96   94   92   91   91   90   90   90
   89   88   87   86   84   83   82   82   82
    60.0-180.0 180.0   5.0 450.0                            LAT/LON1/LON2/DLON/H
   84   84   84   85   85   86   85   84   82   79   76   72   68   64   59   53
   49   46   45   46   48   51   52   52   49   44   37   28   20   14   10    8
    8   11   14   19   23   28   34   41   49   59   71   82   93  102  109  113
  115  115  113  110  107  103   99   96   92   90   88   87   87   88   89   91
   92   93   93   92   91   89   87   85   84
    57.5-180.0 180.0   5.0 450.0                            LAT/LON1/LON2/DLON/H
   89   87   86   86   86   86   85   83   81   78   75   72   69   65   60   55
   49   45   42   41   42   44   45   45   43   39   33   26   20   14   11    9
   10   12   15   19   23   27   33   40   50   62   74   87   99  108  115  118
  119  118  115  111  106  101   96   92   88   86   84   84   85   87   90   93
   96   98   99  100   99   97   94   91   89
    55.0-180.0 180.0   5.0 450.0                            LAT/LON1/LON2/DLON/H
   96   93   92   91   91   90   89   86   83   80   76   73   70   66   62   57
   51   45   41   38   38   38   39   39   37   34   30   26   22   18   15   14
   14   16   18   21   24   27   33   41   51   64   77   90  102  111  116  119
  119  117  113  108  103   98   93   89   85   83   81   82   84   87   91   96
  100  104  107  108  108  106  103   99   96
    52.5-180.0 180.0   5.0 450.0                            LAT/LON1/LON2/DLON/H
  103  101  100   99   99   99   97   94   89   84   79   75   71   68   64   58
   52   46   41   38   36   36   35   35   34   32   31   28   26   23   21   20
   20   21   22   24   26   30   35   43   53   66   80   92  103  111  115  117
  116  114  111  106  102   97   93   88   85   82   81   82   84   88   93   99
  105  110  114  116  116  114  111  107  103
    50.0-180.0 180.0   5.0 450.0                            LAT/LON1/LON2/DLON/H
  110  108  108  109  110  110  109  105   99   92   85   78   73   69   65   60
   54   48   43   40   38   37   36   35   34   34   34   34   33   32   30   28
   27   27   28   29   31   33   38   46   57   69   82   94  103  109  112  113
  113  112  109  106  103   99   95   91   88   86   85   85   88   92   97  103
  109  115  119  122  122  121  117  113  110
    47.5-180.0 180.0   5.0 450.0                            LAT/LON1/LON2/DLON/H
  115  114  115  117  120  122  121  118  111  102   93   84   76   70   66   61
   55   50   47   44   43   42   40   39   39   39   41   42   43   42   40   37
   35   34   35   35   36   38   43   50   61   73   85   95  102  107  109  111
  111  112  111  110  108  105  102   98   95   93   91   92   93   97  101  107
  113  119  123  126  126  124  121  117  115
    45.0-180.0 180.0   5.0 450.0                            LAT/LON1/LON2/DLON/H
  116  116  118  122  126  129  130  128  122  113  101   90   81   73   67   62
   57   53   50   49   49   49   48   47   47   48   50   52   53   52   49   45
   42   41   40   41   42   43   47   54   65   76   88   96  102  106  108  110
  113  115  117  117  117  115  112  108  105  102  101  100  101  103  106  111
  116  121  126  128  128  126  122  119  116
    42.5-180.0 180.0   5.0 450.0                            LAT/LON1/LON2/DLON/H
  117  118  120  123  128  132  134  134  130  121  110   98   87   77   70   63
   58   55   54   55   57   58   58   57   56   57   60   62   63   61   56   51
   47   45   44   45   45   47   50   57   68   79   90   98  103  106  109  113
  118  123  126  128  128  126  123  120  116  113  111  110  109  110  112  116
  120  125  128  130  129  127  123  120  117
    40.0-180.0 180.0   5.0 450.0                            LAT/LON1/LON2/DLON/H
  121  120  121  123  126  129  132  133  132  126  117  105   94   84   75   67
   61   57   57   60   64   67   68   67   66   66   68   70   70   67   61   55
   49   47   46   46   47   48   51   59   69   82   93  101  106  109  113  119
  126  133  138  140  140  138  135  131  127  124  122  120  118  118  119  122
  126  130  133  135  134  131  127  124  121
    37.5-180.0 180.0   5.0 450.0                            LAT/LON1/LON2/DLON/H
  132  129  127  125  124  124  125  128  129  127  121  112  102   92   82   72
   65   60   60   64   70   74   76   75   73   72   73   74   73   70   63   55
   49   46   46   46   46   47   51   58   70   83   95  104  110  114  119  126
  135  143  149  151  150  147  143  139  136  133  131  129  127  127  128  130
  135  139  143  144  144  142  139  135  132
    35.0-180.0 180.0   5.0 450.0                            LAT/LON1/LON2/DLON/H
  153  148  142  134  127  122  120  121  124  125  123  117  110  100   90   79
   69   63   63   67   73   78   80   79   76   74   74   74   73   69   62   54
   48   45   44   45   45   46   49   57   69   83   97  107  114  119  125  134
  143  152  157  158  156  152  148  144  141  139  138  137  136  136  138  142
  147  153  157  160  161  161  160  157  153
    32.5-180.0 180.0   5.0 450.0                            LAT/LON1/LON2/DLON/H
  187  180  169  155  141  128  120  118  119  122  122  120  116  108   98   86
   74   66   64   67   73   79   81   79   76   72   71   70   69   65   59   52
   46   43   43   43   44   45   48   56   68   83   98  109  117  123  130  139
  149  157  161  161  158  153  149  146  144  144  144  145  145  147  150  156
  163  171  177  182  186  189  191  191  187
    30.0-180.0 180.0   5.0 450.0                            LAT/LON1/LON2/DLON/H
  232  223  209  190  168  148  133  124  121  121  122  122  119  113  104   91
   78   68   64   66   71   76   78   76   72   68   66   65   64   61   56   50
   45   43   42   43   44   45   48   55   68   83   98  111  119  126  134  142
  151  158  161  160  156  151  148  146  146  147  149  152  155  159  165  173
  182  192  200  207  215  223  230  234  232
    27.5-180.0 180.0   5.0 450.0                            LAT/LON1/LON2/DLON/H
  281  273  258  235  209  182  159  142  132  126  123  122  119  115  106   94
   80   68   63   63   67   71   72   71   67   63   60   59   59   58   54   50
   46   44   44   44   45   46   49   56   67   82   97  110  120  127  134  142
  150  155  157  155  152  149  147  146  148  151  155  160  166  173  181  191
  203  214  223  233  245  258  271  280  281
    25.0-180.0 180.0   5.0 450.0                            LAT/LON1/LON2/DLON/H
  326  321  307  286  258  228  199  173  153  138  128  121  117  112  103   92
   78   67   60   59   62   65   67   66   62   58   56   56   56   56   54   50
   47   45   46   47   48   50   52   58   67   81   95  108  118  126  132  139
  146  150  151  150  148  147  147  149  152  157  163  171  179  188  198  211
  223  234  244  255  270  289  308  321  326
    22.5-180.0 180.0   5.0 450.0                            LAT/LON1/LON2/DLON/H
  360  359  349  332  308  279  246  214  183  157  136  122  112  105   97   86
   74   63   57   56   57   60   62   62   60   57   56   56   57   57   55   52
   49   48   48   49   51   53   55   59   67   78   91  105  115  123  129  134
  140  144  146  146  147  149  152  156  160  167  175  185  195  205  216  229
  241  252  260  270  286  309  332  351  360
    20.0-180.0 180.0   5.0 450.0                            LAT/LON1/LON2/DLON/H
  376  379  375  365  349  326  295  258  219  181  148  124  108   97   88   78
   68   59   55   53   55   58   60   62   62   60   59   59   59   59   57   53
   50   49   49   51   54   56   57   60   65   74   86  100  111  119  124  129
  134  138  142  145  149  155  162  168  174  181  191  202  213  224  235  246
  257  265  270  278  293  316  342  364  376
    17.5-180.0 180.0   5.0 450.0                            LAT/LON1/LON2/DLON/H
  373  378  379  378  373  360  335  298  254  206  163  129  106   91   80   70
   62   56   53   53   55   58   62   65   66   66   66   65   64   62   58   54
   50   49   49   51   54   56   57   58   61   69   81   95  107  115  120  125
  129  135  140  147  156  166  176  184  191  200  211  222  233  243  252  261
  269  274  275  279  290  311  337  359  373
    15.0-180.0 180.0   5.0 450.0                            LAT/LON1/LON2/DLON/H
  353  359  364  371  377  375  360  329  283  230  179  137  107   87   74   65
   58   55   54   55   57   61   66   71   74   74   74   72   69   64   58   53
   49   47   48   50   53   55   56   56   57   64   76   90  103  112  118  122
  127  133  141  152  165  179  192  203  212  221  233  245  255  262  268  274
  279  280  278  276  282  298  321  341  353
    12.5-180.0 180.0   5.0 450.0                            LAT/LON1/LON2/DLON/H
  325  329  334  346  361  372  368  344  302  249  193  146  112   89   74   64
   59   57   58   60   62   67   72   78   82   83   81   78   72   65   57   50
   46   45   46   48   50   52   53   52   53   59   72   87  101  111  116  120
  126  134  144  158  175  192  208  221  232  243  256  267  276  280  282  284
  287  286  280  273  274  285  302  317  325
    10.0-180.0 180.0   5.0 450.0                            LAT/LON1/LON2/DLON/H
  298  297  300  313  333  352  358  345  310  260  206  158  121   96   79   69
   63   62   64   66   69   74   80   85   89   89   86   80   73   63   54   48
   44   44   45   46   48   49   50   49   50   57   70   86  101  111  117  121
  127  136  148  165  184  203  222  237  249  262  276  287  293  294  292  292
  293  291  284  275  271  276  286  295  298
     7.5-180.0 180.0   5.0 450.0                            LAT/LON1/LON2/DLON/H
  281  274  271  280  300  323  337  333  307  264  215  169  133  107   89   78
   72   71   72   74   76   81   86   91   93   91   86   79   70   60   51   46
   44   44   45   46   46   47   47   47   49   56   70   87  102  112  118  123
  129  139  153  170  190  211  230  246  261  275  290  301  305  302  297  295
  297  296  291  282  275  276  282  285  281
     5.0-180.0 180.0   5.0 450.0                            LAT/LON1/LON2/DLON/H
  280  267  257  258  273  294  312  315  297  263  220  179  146  121  102   90
   82   80   80   81   83   86   91   94   94   89   82   74   65   56   49   45
   46   47   48   47   47   47   47   47   50   58   72   89  104  114  120  125
  132  142  156  173  193  213  232  249  265  281  296  307  309  304  297  294
  297  300  299  292  287  287  289  289  280
     2.5-180.0 180.0   5.0 450.0                            LAT/LON1/LON2/DLON/H
  294  277  259  252  257  272  288  295  284  258  222  187  157  134  116  102
   93   88   87   86   87   89   92   93   91   84   76   67   59   52   47   47
   50   52   53   51   49   48   48   49   52   61   74   90  105  115  121  127
  134  145  158  174  192  210  227  243  260  277  293  303  304  298  290  288
  293  301  305  304  302  303  306  305  294
