examples/igsg2850.11i
     1.0            IONOSPHERE MAPS     MIX                 IONEX VERSION / TYPE
cmpcmb v1.2          GRL/UWM            25-oct-11 06:00     PGM / RUN BY / DATE 
ionex file containing IGS COMBINED Ionosphere maps          COMMENT             
global ionosphere maps for day 285, 2011                    DESCRIPTION         
IONEX file containing the COMBINED IGS TEC MAPS and DCBs    DESCRIPTION         
      IONEX files of the following IAACs were combined: cod DESCRIPTION         
                                                        esa DESCRIPTION         
                                                        jpl DESCRIPTION         
                                                        upc DESCRIPTION         
Contact address: Andrzej Krankowski                         DESCRIPTION
                 Geodynamics Research Laboratory            DESCRIPTION
                 University of Warmia and Mazury (GRL/UWM)  DESCRIPTION
                 Oczapowski St. 1                           DESCRIPTION
                 10-957-Olsztyn, POLAND                     DESCRIPTION
                 e-mail:  kand@uwm.edu.pl                   DESCRIPTION
                                                            DESCRIPTION         
  2011    10    12     0     0     0                        EPOCH OF FIRST MAP  
  2011    10    13     0     0     0                        EPOCH OF LAST MAP   
  7200                                                      INTERVAL            
    13                                                      # OF MAPS IN FILE   
  COSZ                                                      MAPPING FUNCTION    
     0.0                                                    ELEVATION CUTOFF    
combined TEC calculated as weighted mean of input TEC valuesOBSERVABLES USED    
   370                                                      # OF STATIONS       
    32                                                      # OF SATELLITES     
  6371.0                                                    BASE RADIUS         
     2                                                      MAP DIMENSION       
   450.0 450.0   0.0                                        HGT1 / HGT2 / DHGT  
    87.5 -87.5  -2.5                                        LAT1 / LAT2 / DLAT  
  -180.0 180.0   5.0                                        LON1 / LON2 / DLON  
    -1                                                      EXPONENT            
TEC values in 0.1 tec units;  9999, if no value available   COMMENT             
DCB values in nanoseconds, reference is Sum_of_SatDCBs = 0  COMMENT             
                                                            END OF HEADER       
[from data line 5148]
    13                                                      START OF TEC MAP    
  2011    10    13     0     0     0                        EPOCH OF CURRENT MAP
    87.5-180.0 180.0   5.0 450.0                            LAT/LON1/LON2/DLON/H
  132  133  134  135  136  137  137  138  138  139  138  138  138  138  137  137
  136  135  134  133  132  131  129  128  126  125  123  121  119  118  116  115
  113  112  111  110  110  109  109  108  107  106  106  106  106  106  106  106
  107  107  107  108  109  110  111  112  113  115  116  117  118  120  121  122
  123  124  126  127  128  129  130  132  132
    85.0-180.0 180.0   5.0 450.0                            LAT/LON1/LON2/DLON/H
  148  149  152  155  157  158  160  161  161  162  162  162  162  162  160  159
  157  156  154  151  149  146  142  138  134  131  128  125  121  117  113  110
  107  105  103  101  100   99   98   97   97   98   99   99  100  100  100  101
  102  102  104  104  105  107  109  111  113  115  117  119  121  124  126  128
  130  132  135  138  140  141  144  146  148
    82.5-180.0 180.0   5.0 450.0                            LAT/LON1/LON2/DLON/H
  168  171  174  176  179  181  184  186  186  187  187  187  186  186  185  184
  182  179  176  173  165  160  155  149  143  138  133  129  123  119  114  109
  105  100   97   94   92   91   91   91   91   92   93   94   96   97   98  100
  101  102  104  105  106  108  110  113  115  118  121  124  127  130  133  137
  140  144  147  151  154  158  161  164  168
    80.0-180.0 180.0   5.0 450.0                            LAT/LON1/LON2/DLON/H
  182  185  189  193  196  198  201  201  203  206  207  207  207  207  207  204
  203  200  196  192  186  178  169  161  156  150  143  137  129  121  114  107
  101   97   92   90   89   88   87   88   89   90   93   95   97   99  100  102
  103  105  106  107  109  110  112  114  117  120  124  127  132  135  140  144
  149  154  160  164  168  172  176  179  182
    77.5-180.0 180.0   5.0 450.0                            LAT/LON1/LON2/DLON/H
  199  204  207  211  215  218  221  222  225  226  226  226  223  220  218  216
  212  210  207  202  196  188  183  175  166  160  152  144  136  127  119  112
  106  100   96   92   91   89   90   91   93   95   96   98   99  101  102  103
  104  105  106  107  107  109  111  114  118  122  126  130  134  140  145  151
  158  164  170  175  181  185  190  195  199
    75.0-180.0 180.0   5.0 450.0                            LAT/LON1/LON2/DLON/H
  217  221  225  228  230  234  236  239  242  242  239  237  235  230  226  223
  218  210  204  200  193  187  182  178  171  163  156  150  141  133  124  115
  108  104  100   98   98   94   94   96   99  102  103  105  104  104  103  102
  101  101  101  101  101  102  104  109  114  120  125  130  137  144  150  157
  165  173  180  187  193  199  206  211  217
    72.5-180.0 180.0   5.0 450.0                            LAT/LON1/LON2/DLON/H
  232  236  239  241  244  246  248  250  252  251  250  248  242  235  229  220
  210  203  197  189  182  180  176  174  170  161  158  153  148  136  126  119
  112  107  104  102  102  101  100  100  103  105  106  106  104  102  100   97
   94   92   91   91   90   92   96  101  108  116  122  131  140  148  156  165
  174  181  189  197  205  213  220  226  232
    70.0-180.0 180.0   5.0 450.0                            LAT/LON1/LON2/DLON/H
  245  249  252  253  254  255  257  259  261  262  262  256  247  239  227  213
  202  190  182  174  170  167  165  164  163  154  152  149  143  137  125  119
  114  109  107  106  105  101  100  101  101  102  101   99   95   92   90   87
   83   81   79   78   80   82   87   94  103  113  123  134  144  153  164  172
  181  189  197  206  214  224  232  239  245
    67.5-180.0 180.0   5.0 450.0                            LAT/LON1/LON2/DLON/H
  257  260  263  263  262  262  265  267  269  270  268  262  254  240  225  209
  193  180  168  163  157  154  152  151  152  146  141  138  132  128  119  113
  111  107  104  102  101   98   96   94   94   92   91   88   83   80   76   73
   70   70   68   68   70   74   81   90  101  113  125  138  150  160  171  180
  189  197  206  215  224  235  243  251  257
    65.0-180.0 180.0   5.0 450.0                            LAT/LON1/LON2/DLON/H
  268  272  274  272  271  269  270  271  273  275  274  268  259  246  227  207
  190  173  162  155  147  143  141  141  137  134  128  122  117  112  106  103
  101   99   96   93   92   88   87   84   82   80   78   76   72   69   66   63
   60   60   59   59   63   68   77   88  101  116  131  146  159  172  182  192
  200  206  215  224  233  244  253  262  268
    62.5-180.0 180.0   5.0 450.0                            LAT/LON1/LON2/DLON/H
  279  284  288  285  281  277  275  274  276  278  278  274  265  252  229  211
  195  177  165  154  145  138  133  132  124  118  112  105  100   93   89   88
   89   89   87   84   82   78   77   75   71   69   67   66   65   63   61   57
   55   54   54   53   58   64   74   89  104  122  139  156  171  185  195  205
  213  219  225  234  242  253  263  272  279
    60.0-180.0 180.0   5.0 450.0                            LAT/LON1/LON2/DLON/H
  294  300  304  301  295  288  282  280  280  279  279  276  268  256  238  223
  208  190  175  162  152  143  133  126  116  108   99   90   84   79   77   77
   80   81   79   77   75   72   70   68   65   65   64   64   64   63   62   59
   57   55   54   54   57   65   76   92  110  130  149  169  184  199  210  221
  229  234  239  245  254  264  274  285  294
    57.5-180.0 180.0   5.0 450.0                            LAT/LON1/LON2/DLON/H
  311  319  323  321  313  304  296  289  284  281  279  276  272  261  248  236
  223  207  192  176  166  157  143  130  116  105   94   86   79   75   73   75
   77   79   79   76   74   71   68   67   66   67   69   70   69   70   69   67
   66   63   61   61   63   70   82   99  117  139  161  181  197  213  225  237
  245  251  256  260  269  278  290  301  311
    55.0-180.0 180.0   5.0 450.0                            LAT/LON1/LON2/DLON/H
  331  341  345  344  337  326  314  303  293  287  283  279  274  266  255  246
  235  223  209  195  182  170  154  138  122  110   99   89   82   79   78   80
   82   82   82   81   79   78   76   75   75   77   79   80   80   80   79   77
   77   74   72   71   72   78   90  105  125  148  170  189  206  222  238  249
  260  266  272  279  287  297  309  320  331
    52.5-180.0 180.0   5.0 450.0                            LAT/LON1/LON2/DLON/H
  354  363  368  368  362  351  337  324  310  300  291  283  278  270  262  253
  243  234  222  209  194  178  162  147  132  120  108   98   92   88   87   89
   91   90   91   91   90   90   90   90   90   91   93   93   93   91   89   90
   89   85   83   81   82   88   98  113  134  158  178  196  212  227  244  257
  271  280  288  298  308  317  330  342  354
    50.0-180.0 180.0   5.0 450.0                            LAT/LON1/LON2/DLON/H
  373  382  388  389  386  376  363  347  332  319  306  294  284  275  268  259
  249  240  228  214  201  183  170  156  143  132  122  113  106  102  101  101
  101  102  103  104  104  105  105  106  107  108  108  107  105  102  101  101
   98   95   93   91   91   96  107  122  143  166  184  202  217  231  246  262
  277  290  302  314  325  336  349  361  373
    47.5-180.0 180.0   5.0 450.0                            LAT/LON1/LON2/DLON/H
  386  395  400  404  402  396  386  372  357  341  324  308  297  285  277  267
  257  244  231  215  201  186  177  166  156  146  137  127  120  116  113  112
  111  112  114  116  117  119  120  121  122  122  121  118  115  112  109  108
  106  104  102  101  101  106  117  133  153  175  192  208  221  234  249  266
  280  297  312  325  338  350  364  375  386
    45.0-180.0 180.0   5.0 450.0                            LAT/LON1/LON2/DLON/H
  392  398  402  406  408  408  402  393  378  364  344  326  314  301  291  278
  265  248  233  216  201  188  182  175  169  161  150  139  132  126  122  120
  118  119  121  123  126  128  131  132  134  132  130  126  122  118  115  113
  113  112  111  110  110  117  128  145  165  185  201  215  228  239  253  269
  285  301  318  333  347  359  373  383  392
    42.5-180.0 180.0   5.0 450.0                            LAT/LON1/LON2/DLON/H
  390  393  396  399  405  408  409  405  395  383  365  347  334  322  310  294
  276  258  238  218  203  192  187  184  178  170  158  146  137  131  127  124
  122  123  125  127  130  133  136  138  139  137  134  130  126  123  120  119
  119  119  117  117  119  127  139  157  177  196  211  225  237  248  260  273
  287  303  318  334  349  362  376  384  390
    40.0-180.0 180.0   5.0 450.0                            LAT/LON1/LON2/DLON/H
  386  388  387  390  395  402  408  409  404  397  383  369  358  346  333  313
  293  270  246  225  209  198  194  189  183  171  157  145  136  131  128  126
  124  125  127  129  132  135  138  139  140  138  135  132  128  126  125  125
  125  123  121  121  124  132  146  165  186  206  221  235  247  258  268  279
  291  305  318  333  347  362  375  383  386
    37.5-180.0 180.0   5.0 450.0                            LAT/LON1/LON2/DLON/H
  387  387  385  385  388  395  404  409  410  405  398  388  380  370  355  337
  314  287  258  236  217  206  200  193  182  167  151  138  132  129  128  128
  128  129  131  133  135  137  139  139  138  137  135  133  132  131  130  129
  127  124  121  120  123  133  149  171  193  213  230  245  258  269  278  288
  298  309  321  333  349  363  376  384  387
    35.0-180.0 180.0   5.0 450.0                            LAT/LON1/LON2/DLON/H
  402  402  399  396  395  400  406  411  415  416  411  405  401  391  378  362
  337  306  275  249  227  214  205  192  177  158  141  131  129  131  135  137
  137  138  140  142  142  142  141  139  138  137  136  137  138  138  135  132
  126  120  115  113  116  128  148  173  198  220  238  256  270  282  292  300
  308  319  330  343  359  373  386  397  402
    32.5-180.0 180.0   5.0 450.0                            LAT/LON1/LON2/DLON/H
  433  437  437  433  426  426  427  428  429  430  425  422  417  411  400  385
  359  328  293  262  236  219  205  188  169  150  136  132  137  145  152  156
  157  157  157  159  158  156  150  145  141  140  141  143  144  144  140  132
  123  114  107  103  106  119  143  172  200  224  245  264  281  295  307  317
  326  336  349  365  381  395  410  424  433
    30.0-180.0 180.0   5.0 450.0                            LAT/LON1/LON2/DLON/H
  486  497  502  499  488  478  471  466  461  454  448  441  437  431  420  404
  379  347  309  272  242  219  200  183  165  150  142  149  161  174  184  187
  185  184  184  185  181  178  167  156  150  148  148  150  150  148  142  131
  118  107   97   93   95  110  136  169  200  228  250  271  290  308  323  336
  349  364  380  399  418  435  453  471  486
    27.5-180.0 180.0   5.0 450.0                            LAT/LON1/LON2/DLON/H
  559  581  596  594  580  563  549  532  517  500  485  471  460  451  439  420
  396  363  322  278  244  216  197  184  171  165  169  186  206  221  230  227
  222  217  217  216  211  205  188  172  162  159  158  157  154  149  140  126
  112   98   88   83   86  102  130  166  200  231  255  278  298  319  338  357
  380  400  428  447  471  494  514  538  559
    25.0-180.0 180.0   5.0 450.0                            LAT/LON1/LON2/DLON/H
  648  677  712  715  697  674  652  623  596  569  542  514  494  475  458  436
  410  375  331  285  246  217  203  195  193  201  220  248  271  282  284  273
  261  253  250  246  239  229  212  192  179  172  168  163  156  147  135  120
  105   91   81   76   80   96  126  164  202  234  260  284  305  328  352  380
  409  440  479  504  534  562  586  620  648
    22.5-180.0 180.0   5.0 450.0                            LAT/LON1/LON2/DLON/H
  732  778  820  840  827  808  775  738  698  662  617  571  538  511  484  461
  428  390  342  292  253  229  224  226  237  260  293  326  349  349  338  315
  295  282  278  272  262  249  231  209  193  185  178  168  156  142  128  113
   99   87   77   72   75   93  124  165  203  236  263  287  310  336  365  400
  438  478  524  560  596  630  658  693  732
    20.0-180.0 180.0   5.0 450.0                            LAT/LON1/LON2/DLON/H
  788  843  905  948  949  926  892  857  815  761  698  646  599  561  522  492
  455  411  360  310  274  260  266  282  307  343  382  415  424  409  380  348
  320  303  296  290  279  260  239  218  203  195  187  172  154  136  120  106
   94   83   75   71   75   93  125  167  206  239  264  288  313  345  381  421
  464  510  557  603  650  683  715  747  788
    17.5-180.0 180.0   5.0 450.0                            LAT/LON1/LON2/DLON/H
  806  864  938  995 1018 1010  990  966  922  862  791  728  670  624  575  537
  494  448  395  348  317  314  333  361  399  441  476  496  484  450  407  369
  334  313  304  297  284  263  239  220  209  202  193  176  152  131  114  101
   91   83   77   74   79   98  131  173  213  245  269  292  321  358  398  442
  487  532  577  623  671  711  742  768  806
    15.0-180.0 180.0   5.0 450.0                            LAT/LON1/LON2/DLON/H
  783  840  914  980 1024 1036 1033 1022  994  938  871  806  744  696  642  597
  545  501  450  408  384  390  416  451  497  537  557  556  520  468  415  371
  336  310  300  291  277  254  232  216  209  205  197  178  150  126  108   97
   89   84   80   79   86  104  139  180  219  250  273  299  331  371  415  461
  506  548  584  625  668  704  731  749  783
    12.5-180.0 180.0   5.0 450.0                            LAT/LON1/LON2/DLON/H
  727  775  841  913  968 1001 1017 1023 1015  979  925  867  814  774  714  665
  613  571  522  488  472  483  509  540  582  611  610  582  524  458  403  361
  326  298  286  275  263  240  221  209  205  204  197  177  148  122  104   95
   90   86   84   83   91  111  144  186  223  253  276  303  339  381  430  477
  520  556  582  611  644  671  689  703  727
    10.0-180.0 180.0   5.0 450.0                            LAT/LON1/LON2/DLON/H
  653  685  744  812  872  919  951  974  990  979  943  900  866  837  789  734
  687  647  606  582  572  585  607  621  642  652  623  571  498  426  373  337
  306  283  271  260  247  226  208  200  199  198  191  171  141  118  103   95
   91   88   85   86   95  114  147  189  225  253  277  306  344  390  441  489
  529  557  575  593  615  630  640  643  653
     7.5-180.0 180.0   5.0 450.0                            LAT/LON1/LON2/DLON/H
  586  599  639  697  752  803  850  894  927  938  925  905  891  875  840  794
  751  719  688  671  666  677  690  684  676  652  594  526  452  384  339  311
  290  273  260  246  234  215  200  192  190  188  179  159  133  115  102   95
   91   87   83   85   93  113  148  188  224  252  278  309  350  399  450  496
  534  558  569  578  590  597  597  590  586
     5.0-180.0 180.0   5.0 450.0                            LAT/LON1/LON2/DLON/H
  541  535  554  594  639  686  736  791  835  866  874  874  878  878  856  824
  792  770  752  738  729  730  729  703  664  601  529  463  399  347  317  300
  291  277  259  241  229  210  197  187  181  175  164  145  126  111  101   95
   88   84   81   81   87  108  144  187  225  252  279  312  355  404  455  501
  536  558  567  573  579  580  575  559  541
     2.5-180.0 180.0   5.0 450.0                            LAT/LON1/LON2/DLON/H
  532  509  507  527  556  593  639  695  747  786  807  820  839  850  841  820
  799  787  779  763  742  726  708  667  605  524  453  401  357  326  316  315
  312  294  268  244  232  213  198  185  175  165  151  135  119  109  101   95
   87   81   78   76   81  103  142  187  225  253  280  314  357  407  456  499
  535  560  571  578  583  585  577  558  532
