examples/igsg2870.11i
     1.0            IONOSPHERE MAPS     MIX                 IONEX VERSION / TYPE
cmpcmb v1.2          GRL/UWM            25-oct-11 06:11     PGM / RUN BY / DATE 
ionex file containing IGS COMBINED Ionosphere maps          COMMENT             
global ionosphere maps for day 287, 2011                    DESCRIPTION         
IONEX file containing the COMBINED IGS TEC MAPS and DCBs    DESCRIPTION         
      IONEX files of the following IAACs were combined: cod DESCRIPTION         
                                                        esa DESCRIPTION         
                                                        jpl DESCRIPTION         
                                                        upc DESCRIPTION         
Contact address: Andrzej Krankowski                         DESCRIPTION
                 Geodynamics Research Laboratory            DESCRIPTION
                 University of Warmia and Mazury (GRL/UWM)  DESCRIPTION
                 Oczapowski St. 1                           DESCRIPTION
                 10-957-Olsztyn, POLAND                     DESCRIPTION
                 e-mail:  kand@uwm.edu.pl                   DESCRIPTION
                                                            DESCRIPTION         
  2011    10    14     0     0     0                        EPOCH OF FIRST MAP  
  2011    10    15     0     0     0                        EPOCH OF LAST MAP   
  7200                                                      INTERVAL            
    13                                                      # OF MAPS IN FILE   
  COSZ                                                      MAPPING FUNCTION    
     0.0                                                    ELEVATION CUTOFF    
combined TEC calculated as weighted mean of input TEC valuesOBSERVABLES USED    
   378                                                      # OF STATIONS       
    32                                                      # OF SATELLITES     
  6371.0                                                    BASE RADIUS         
     2                                                      MAP DIMENSION       
   450.0 450.0   0.0                                        HGT1 / HGT2 / DHGT  
    87.5 -87.5  -2.5                                        LAT1 / LAT2 / DLAT  
  -180.0 180.0   5.0                                        LON1 / LON2 / DLON  
    -1                                                      EXPONENT            
TEC values in 0.1 tec units;  9999, if no value available   COMMENT             
DCB values in nanoseconds, reference is Sum_of_SatDCBs = 0  COMMENT             
                                                            END OF HEADER       
[from data line 3861]
    10                                                      START OF TEC MAP    
  2011    10    14    18     0     0                        EPOCH OF CURRENT MAP
    87.5-180.0 180.0   5.0 450.0                            LAT/LON1/LON2/DLON/H
  206  207  208  210  211  213  214  215  216  218  219  220  221  223  224  224
  225  226  225  226  227  226  226  226  226  225  225  225  224  223  222  221
  220  220  219  217  217  215  214  214  211  210  209  207  206  205  203  201
  200  199  199  197  196  195  194  194  194  194  194  194  195  196  196  197
  197  199  199  200  201  202  203  205  206
    85.0-180.0 180.0   5.0 450.0                            LAT/LON1/LON2/DLON/H
  186  188  191  194  196  199  202  205  207  211  213  216  218  221  223  225
  227  229  230  231  232  232  233  233  233  232  232  231  231  230  229  227
  225  223  222  219  216  214  211  209  206  202  199  196  193  190  188  185
  183  182  180  177  177  174  173  171  171  171  171  171  172  173  173  174
  175  176  177  179  180  182  184  184  186
    82.5-180.0 180.0   5.0 450.0                            LAT/LON1/LON2/DLON/H
  165  169  173  176  181  184  188  191  195  199  205  209  215  218  224  227
  231  234  235  237  236  235  235  234  234  235  235  235  232  231  229  225
  223  219  217  213  210  206  202  199  194  191  187  182  177  171  166  163
  158  156  155  154  151  148  147  145  145  145  146  147  147  148  148  149
  150  152  152  154  156  157  159  162  165
    80.0-180.0 180.0   5.0 450.0                            LAT/LON1/LON2/DLON/H
  143  147  149  154  157  163  168  173  179  185  192  200  206  213  219  224
  229  233  236  240  243  243  238  239  239  238  236  233  230  227  224  219
  214  211  206  203  198  195  191  187  182  176  171  166  159  152  144  140
  137  132  130  128  125  123  122  118  119  120  122  123  123  123  123  123
  123  124  126  128  130  133  136  139  143
    77.5-180.0 180.0   5.0 450.0                            LAT/LON1/LON2/DLON/H
  121  125  130  135  140  146  153  160  169  177  186  194  203  210  217  225
  233  237  240  243  244  246  245  247  243  238  233  230  227  221  216  211
  207  202  197  192  187  182  178  172  167  161  154  148  143  137  130  121
  116  112  110  108  107  103  101   99   98   99  101  101  102  101  100   99
   99   99  103  104  106  109  113  117  121
    75.0-180.0 180.0   5.0 450.0                            LAT/LON1/LON2/DLON/H
  104  109  116  123  130  137  145  154  164  176  185  196  206  217  227  237
  244  249  253  255  260  259  254  254  250  243  234  228  222  215  208  203
  197  192  186  183  178  172  166  161  156  147  140  131  126  121  118  111
  105  100   98   96   93   91   89   86   85   84   84   84   84   83   82   81
   81   82   83   84   87   91   94  100  104
    72.5-180.0 180.0   5.0 450.0                            LAT/LON1/LON2/DLON/H
   90   99  107  116  125  133  143  154  166  178  191  204  217  230  241  250
  260  269  271  279  280  275  270  264  256  250  239  229  219  211  204  197
  190  184  178  173  169  163  157  151  146  139  132  125  117  113  112  106
  101   96   93   90   87   84   82   79   78   76   75   74   73   72   71   70
   70   70   70   70   73   76   79   85   90
    70.0-180.0 180.0   5.0 450.0                            LAT/LON1/LON2/DLON/H
   83   92  103  112  124  136  147  161  174  189  203  218  232  247  260  271
  285  294  301  304  300  296  288  279  266  255  243  233  223  214  206  199
  192  185  179  173  167  160  153  145  138  132  125  119  113  110  107  103
   99   95   91   87   84   81   79   77   75   74   72   71   69   67   66   65
   64   63   63   62   64   66   71   76   83
    67.5-180.0 180.0   5.0 450.0                            LAT/LON1/LON2/DLON/H
   81   90  103  115  128  141  155  170  186  202  217  235  252  269  281  296
  309  318  325  324  319  317  306  294  281  266  254  243  234  226  218  211
  203  195  187  179  169  161  151  142  134  126  119  113  108  105  101   99
   96   93   89   85   81   78   76   74   74   73   73   72   70   69   66   64
   62   61   59   59   59   61   65   72   81
    65.0-180.0 180.0   5.0 450.0                            LAT/LON1/LON2/DLON/H
   79   91  105  119  134  149  163  180  196  213  231  250  269  287  301  315
  328  335  342  340  335  333  322  309  295  282  268  260  249  242  235  226
  219  209  197  186  173  162  151  139  130  121  113  107  103   99   96   93
   90   87   83   80   76   74   73   72   71   72   73   74   74   73   71   68
   65   61   59   56   56   58   63   70   79
    62.5-180.0 180.0   5.0 450.0                            LAT/LON1/LON2/DLON/H
   80   93  107  124  139  155  172  190  207  225  243  261  281  299  315  329
  340  347  351  351  345  341  332  321  308  295  283  274  265  258  251  242
  232  221  207  192  178  165  152  139  127  118  109  103   99   95   92   88
   84   81   78   75   72   70   70   70   70   73   75   77   78   79   78   75
   71   66   62   58   57   59   63   70   80
    60.0-180.0 180.0   5.0 450.0                            LAT/LON1/LON2/DLON/H
   83   95  112  128  144  162  180  198  216  234  253  271  290  309  324  337
  345  352  356  356  348  343  337  326  314  304  293  285  279  273  266  257
  245  232  215  198  182  167  155  141  129  118  108  101   96   92   90   85
   82   78   75   72   70   69   70   71   73   75   80   82   85   87   87   85
   81   75   69   64   62   62   66   73   83
    57.5-180.0 180.0   5.0 450.0                            LAT/LON1/LON2/DLON/H
   88  101  117  133  151  169  188  207  226  244  262  280  298  314  329  340
  348  353  356  354  349  341  336  328  318  310  301  295  289  285  281  272
  259  242  224  206  189  175  161  148  136  123  114  105   99   95   92   87
   84   81   77   75   74   73   74   75   78   82   86   90   94   97   98   97
   93   87   80   75   71   70   72   79   88
    55.0-180.0 180.0   5.0 450.0                            LAT/LON1/LON2/DLON/H
   98  109  125  142  161  180  198  218  236  254  271  290  306  321  333  342
  347  350  351  349  344  338  333  328  321  315  308  303  300  297  294  286
  273  255  235  216  199  185  172  159  147  134  124  116  109  103   99   94
   90   87   85   84   83   81   82   85   87   90   95   99  104  108  110  110
  105   99   93   87   83   80   82   88   98
    52.5-180.0 180.0   5.0 450.0                            LAT/LON1/LON2/DLON/H
  110  121  136  153  172  192  211  231  250  267  284  300  314  328  337  344
  348  348  347  344  340  335  331  327  323  318  314  312  310  310  306  300
  287  269  248  227  211  197  185  173  162  149  139  129  120  114  109  105
  101   98   97   96   97   97   99  100  102  104  107  110  114  119  121  122
  119  112  107  102   97   94   96  100  110
    50.0-180.0 180.0   5.0 450.0                            LAT/LON1/LON2/DLON/H
  121  134  148  165  185  205  227  247  266  283  298  312  325  335  342  348
  349  348  346  343  339  334  331  328  326  323  320  320  320  321  319  312
  299  282  261  240  224  211  200  189  177  165  153  143  133  126  120  116
  113  112  111  112  114  116  119  120  121  120  121  122  124  128  131  132
  130  126  121  117  112  109  109  114  121
    47.5-180.0 180.0   5.0 450.0                            LAT/LON1/LON2/DLON/H
  131  144  159  176  197  219  242  263  284  299  312  323  334  343  348  351
  352  351  347  344  341  338  336  333  331  328  326  326  328  328  329  323
  310  293  272  253  236  223  211  200  189  177  164  152  143  136  131  128
  126  126  127  129  133  136  138  139  137  135  134  133  134  137  139  141
  141  138  134  129  125  122  121  124  131
    45.0-180.0 180.0   5.0 450.0                            LAT/LON1/LON2/DLON/H
  137  150  166  185  208  231  256  279  299  314  325  335  344  350  354  356
  356  355  353  350  347  346  344  342  339  335  333  333  334  337  336  331
  319  302  283  263  245  230  219  207  195  182  169  158  149  143  138  136
  136  138  140  144  148  151  151  152  150  146  143  141  141  142  145  146
  148  146  143  139  135  132  130  131  137
    42.5-180.0 180.0   5.0 450.0                            LAT/LON1/LON2/DLON/H
  138  151  167  189  213  239  265  290  310  326  337  344  351  356  359  361
  362  362  361  360  359  357  356  353  349  345  341  340  342  344  344  339
  326  311  292  272  253  236  221  208  196  183  171  159  151  145  141  139
  140  143  146  150  155  157  156  156  153  149  145  143  143  143  145  148
  149  149  146  143  140  137  134  132  138
    40.0-180.0 180.0   5.0 450.0                            LAT/LON1/LON2/DLON/H
  136  149  166  189  214  241  267  292  314  332  343  350  356  360  363  366
  368  370  372  373  372  371  370  367  362  356  351  350  351  354  353  348
  338  325  306  285  264  243  224  209  197  184  172  160  151  144  140  139
  139  141  144  149  152  153  151  149  147  145  142  140  140  140  142  144
  146  146  144  142  139  135  131  130  136
    37.5-180.0 180.0   5.0 450.0                            LAT/LON1/LON2/DLON/H
  130  143  161  185  211  238  265  290  314  333  345  353  359  363  366  370
  374  380  385  387  386  386  385  381  376  369  363  363  364  367  368  365
  358  348  331  311  285  260  235  217  204  193  180  168  158  150  144  140
  137  138  140  143  144  142  140  137  136  136  136  136  136  137  137  140
  141  140  137  135  131  127  124  123  130
    35.0-180.0 180.0   5.0 450.0                            LAT/LON1/LON2/DLON/H
  122  137  155  179  205  233  261  285  309  330  344  354  360  365  369  375
  382  391  397  400  400  400  398  395  389  383  378  379  383  391  395  396
  392  386  373  352  324  291  260  240  227  218  207  191  184  166  157  149
  144  142  141  141  138  134  130  128  129  131  133  135  135  135  135  136
  135  132  127  125  121  117  115  115  122
    32.5-180.0 180.0   5.0 450.0                            LAT/LON1/LON2/DLON/H
  116  131  153  176  201  230  257  278  302  325  344  355  363  369  374  382
  392  402  409  412  412  411  409  407  402  398  396  401  412  425  437  442
  448  446  437  413  381  344  306  284  276  267  252  234  222  198  182  171
  163  158  153  149  142  135  130  128  130  134  136  138  139  139  137  135
  132  126  119  115  112  108  105  106  116
    30.0-180.0 180.0   5.0 450.0                            LAT/LON1/LON2/DLON/H
  113  132  155  179  203  229  252  273  297  321  343  358  368  375  382  392
  404  414  420  422  420  418  417  416  414  414  417  429  449  470  491  506
  520  527  519  501  467  418  376  360  350  329  313  288  272  242  218  205
  196  188  179  170  160  150  144  141  143  145  147  148  148  147  144  139
  132  124  115  109  104  100   98  101  113
    27.5-180.0 180.0   5.0 450.0                            LAT/LON1/LON2/DLON/H
  116  139  164  189  211  233  252  273  297  322  346  363  375  385  394  406
  418  427  431  430  425  422  421  422  425  431  440  461  490  525  557  582
  610  627  624  607  558  498  449  435  425  397  386  349  321  289  264  251
  243  232  217  204  191  180  172  167  167  166  166  165  162  158  154  147
  137  125  114  106  100   96   94  100  116
    25.0-180.0 180.0   5.0 450.0                            LAT/LON1/LON2/DLON/H
  124  151  180  203  224  242  260  280  303  327  351  370  386  399  410  423
  434  440  441  436  428  422  422  427  435  448  464  494  533  583  627  667
  706  738  740  715  653  584  530  508  489  476  462  418  374  340  316  303
  295  280  261  244  228  218  209  205  199  194  189  185  179  173  164  156
  142  128  116  106   99   94   94  103  124
    22.5-180.0 180.0   5.0 450.0                            LAT/LON1/LON2/DLON/H
  134  165  198  221  240  258  274  293  314  338  363  384  402  420  431  442
  450  453  449  440  429  423  425  434  446  466  491  531  580  639  696  755
  800  838  838  794  723  652  588  545  524  530  526  481  422  382  361  350
  340  325  301  280  264  256  248  243  233  223  212  204  196  186  173  161
  146  130  116  106   98   94   96  109  134
    20.0-180.0 180.0   5.0 450.0                            LAT/LON1/LON2/DLON/H
  143  179  211  238  259  276  294  313  331  355  383  405  425  444  456  464
  469  468  458  447  434  428  432  443  460  486  517  565  624  691  756  818
  870  899  891  829  751  670  593  532  519  535  542  503  444  401  380  374
  367  350  324  302  290  285  279  274  261  244  228  215  205  192  177  161
  145  130  116  104   96   92   96  113  143
    17.5-180.0 180.0   5.0 450.0                            LAT/LON1/LON2/DLON/H
  147  186  221  249  274  295  316  337  357  379  407  430  453  471  484  490
  490  485  472  459  445  440  444  457  475  502  540  590  655  725  789  849
  895  917  893  824  733  639  551  492  485  501  502  465  416  380  367  367
  365  348  323  305  299  298  296  291  275  254  232  216  203  189  173  157
  140  126  114  104   94   90   95  113  147
    15.0-180.0 180.0   5.0 450.0                            LAT/LON1/LON2/DLON/H
  146  186  223  255  284  312  338  362  385  408  434  462  485  503  515  520
  516  507  493  477  465  460  464  476  493  517  556  608  671  737  796  846
  882  889  850  776  677  577  488  437  423  438  435  403  355  327  321  330
  335  322  306  294  292  297  300  295  276  251  227  209  195  180  165  150
  133  121  112  102   94   89   94  112  146
    12.5-180.0 180.0   5.0 450.0                            LAT/LON1/LON2/DLON/H
  144  183  221  257  291  325  357  388  414  437  465  495  520  539  549  553
  547  536  522  507  497  493  494  503  517  538  575  620  676  732  783  821
  838  828  780  705  608  510  425  375  358  366  355  322  279  258  260  277
  287  284  277  273  277  288  294  288  268  242  218  201  185  171  156  141
  127  117  109  101   95   88   92  111  144
    10.0-180.0 180.0   5.0 450.0                            LAT/LON1/LON2/DLON/H
  142  180  219  259  296  336  375  412  441  468  498  529  556  580  587  590
  582  572  561  549  542  538  537  541  549  568  598  635  678  721  759  780
  780  755  708  636  546  456  378  327  300  298  280  247  214  198  209  229
  243  248  251  256  265  278  285  276  256  230  209  194  181  165  149  135
  125  118  111  104   96   89   91  110  142
     7.5-180.0 180.0   5.0 450.0                            LAT/LON1/LON2/DLON/H
  142  182  223  262  303  347  391  433  469  498  530  562  590  618  627  629
  621  615  609  603  597  591  587  586  590  602  623  651  683  713  735  739
  727  696  650  587  511  435  364  306  269  250  229  202  177  170  184  206
  225  241  251  259  268  278  282  269  251  225  207  194  181  164  149  137
  128  123  117  109  100   92   94  112  142
     5.0-180.0 180.0   5.0 450.0                            LAT/LON1/LON2/DLON/H
  149  187  228  269  312  360  407  451  491  525  558  589  620  646  660  665
  663  660  659  657  655  649  641  635  633  639  653  672  693  712  719  710
  691  661  620  573  519  455  390  330  276  244  220  197  181  183  197  221
  250  275  286  290  292  293  289  273  255  234  218  203  187  171  157  147
  138  133  127  118  108   99  100  117  149
     2.5-180.0 180.0   5.0 450.0                            LAT/LON1/LON2/DLON/H
  158  196  236  278  323  372  421  467  509  545  578  608  638  665  685  693
  699  705  705  708  709  705  694  683  674  673  681  693  707  717  715  699
  678  653  625  592  554  509  453  388  326  284  257  240  233  239  253  284
  323  348  350  346  336  322  308  286  269  251  235  219  201  184  172  164
  155  147  139  129  119  110  112  128  158
