examples/igsg2850.11i
     1.0            IONOSPHERE MAPS     MIX                 IONEX VERSION / TYPE
cmpcmb v1.2          GRL/UWM            25-oct-11 06:00     PGM / RUN BY / DATE 
ionex file containing IGS COMBINED Ionosphere maps          COMMENT             
global ionosphere maps for day 285, 2011                    DESCRIPTION         
IONEX file containing the COMBINED IGS TEC MAPS and DCBs    DESCRIPTION         
      IONEX files of the following IAACs were combined: cod DESCRIPTION         
                                                        esa DESCRIPTION         
                                                        jpl DESCRIPTION         
                                                        upc DESCRIPTION         
Contact address: Andrzej Krankowski                         DESCRIPTION
                 Geodynamics Research Laboratory            DESCRIPTION
                 University of Warmia and Mazury (GRL/UWM)  DESCRIPTION
                 Oczapowski St. 1                           DESCRIPTION
                 10-957-Olsztyn, POLAND                     DESCRIPTION
                 e-mail:  kand@uwm.edu.pl                   DESCRIPTION
                                                            DESCRIPTION         
  2011    10    12     0     0     0                        EPOCH OF FIRST MAP  
  2011    10    13     0     0     0                        EPOCH OF LAST MAP   
  7200                                                      INTERVAL            
    13                                                      # OF MAPS IN FILE   
  COSZ                                                      MAPPING FUNCTION    
     0.0                                                    ELEVATION CUTOFF    
combined TEC calculated as weighted mean of input TEC valuesOBSERVABLES USED    
   370                                                      # OF STATIONS       
    32                                                      # OF SATELLITES     
  6371.0                                                    BASE RADIUS         
     2                                                      MAP DIMENSION       
   450.0 450.0   0.0                                        HGT1 / HGT2 / DHGT  
    87.5 -87.5  -2.5                                        LAT1 / LAT2 / DLAT  
  -180.0 180.0   5.0                                        LON1 / LON2 / DLON  
    -1                                                      EXPONENT            
TEC values in 0.1 tec units;  9999, if no value available   COMMENT             
DCB values in nanoseconds, reference is Sum_of_SatDCBs = 0  COMMENT             
                                                            END OF HEADER       
[from data line 4290]
    11                                                      START OF TEC MAP    
  2011    10    12    20     0     0                        EPOCH OF CURRENT MAP
    87.5-180.0 180.0   5.0 450.0                            LAT/LON1/LON2/DLON/H
  133  134  135  136  137  139  140  141  143  145  147  148  151  152  154  156
  157  158  159  161  162  163  164  164  165  166  166  166  165  165  164  163
  162  162  160  159  158  156  155  154  152  150  150  149  146  144  143  140
  139  137  136  133  132  131  130  130  129  129  128  128  128  127  127  128
  128  129  129  129  130  131  132  132  133
    85.0-180.0 180.0   5.0 450.0                            LAT/LON1/LON2/DLON/H
  126  127  128  129  131  133  135  138  141  147  150  154  159  163  167  171
  175  178  181  183  185  186  188  191  193  193  193  192  191  191  188  186
  183  180  178  174  170  168  164  160  157  154  151  148  145  143  140  137
  136  134  131  128  127  125  123  122  122  122  122  122  122  123  123  123
  124  124  124  123  123  124  124  125  126
    82.5-180.0 180.0   5.0 450.0                            LAT/LON1/LON2/DLON/H
  120  120  121  123  125  128  132  136  142  147  154  160  168  174  182  189
  194  200  204  208  210  211  215  219  221  218  217  219  216  212  209  203
  200  194  190  184  179  174  169  166  161  156  152  148  144  141  137  134
  132  127  126  124  123  121  120  119  119  120  121  122  123  124  124  124
  123  122  121  121  122  122  121  121  120
    80.0-180.0 180.0   5.0 450.0                            LAT/LON1/LON2/DLON/H
  120  120  120  122  125  128  132  138  145  152  161  171  180  189  199  207
  215  223  227  231  234  235  236  242  241  237  233  230  227  222  218  211
  206  201  196  191  186  179  173  167  161  155  150  145  141  138  134  132
  130  125  123  121  120  119  119  119  119  121  124  126  127  128  128  126
  125  124  124  125  125  123  122  121  120
    77.5-180.0 180.0   5.0 450.0                            LAT/LON1/LON2/DLON/H
  122  121  122  123  127  131  135  143  151  159  169  181  193  205  216  227
  235  242  247  253  251  253  259  256  248  243  239  233  227  221  217  213
  210  206  201  193  187  181  174  168  161  155  149  144  139  135  132  128
  126  122  120  119  118  118  118  119  120  121  124  127  128  128  128  128
  128  128  128  128  127  126  124  123  122
    75.0-180.0 180.0   5.0 450.0                            LAT/LON1/LON2/DLON/H
  126  126  129  132  136  140  146  153  161  171  184  198  211  224  238  246
  253  262  264  267  266  267  261  258  251  242  236  228  223  219  211  204
  199  195  191  187  181  176  170  165  159  153  147  142  139  135  131  126
  124  120  118  117  116  115  116  117  117  118  119  121  122  122  123  124
  124  125  125  125  125  126  125  126  126
    72.5-180.0 180.0   5.0 450.0                            LAT/LON1/LON2/DLON/H
  132  135  139  144  149  154  161  168  179  192  204  218  234  249  259  267
  274  277  277  274  272  265  256  249  239  230  220  214  205  200  199  195
  187  183  177  171  166  162  159  155  151  147  142  138  135  132  129  125
  123  118  116  115  113  111  110  110  111  111  111  111  111  112  113  113
  114  116  116  117  120  122  125  128  132
    70.0-180.0 180.0   5.0 450.0                            LAT/LON1/LON2/DLON/H
  136  144  150  157  162  169  177  187  199  210  226  242  257  269  282  288
  289  288  282  276  268  257  246  237  226  215  203  193  187  183  176  168
  165  160  157  152  145  142  137  137  137  135  133  131  129  127  125  121
  119  114  111  109  106  103  101  101  101  100   99   99   98   98   98   99
   99  100  102  105  110  115  122  129  136
    67.5-180.0 180.0   5.0 450.0                            LAT/LON1/LON2/DLON/H
  140  151  160  168  177  184  194  204  217  230  245  261  277  288  296  300
  299  292  288  276  264  251  239  228  215  205  191  179  171  166  157  149
  143  138  135  131  126  121  117  118  119  120  119  119  119  118  118  114
  112  106  100   98   95   91   90   88   88   86   85   84   83   82   82   82
   82   84   86   90   98  107  117  128  140
    65.0-180.0 180.0   5.0 450.0                            LAT/LON1/LON2/DLON/H
  143  157  169  180  190  198  207  219  232  247  262  276  289  298  304  305
  303  297  297  279  265  253  241  229  215  203  188  173  165  154  145  140
  131  125  119  113  104  102  100  100  101  102  106  107  107  107  106  105
  102   94   90   86   82   79   78   75   74   73   72   71   69   68   68   67
   66   68   71   78   87   98  111  128  143
    62.5-180.0 180.0   5.0 450.0                            LAT/LON1/LON2/DLON/H
  146  162  179  193  203  213  222  231  245  259  274  288  298  305  309  309
  306  303  299  286  275  265  251  238  225  211  195  183  170  160  150  141
  134  124  114  104   94   90   87   87   87   89   92   96   97   95   94   94
   91   85   81   77   73   71   69   67   66   65   64   63   62   61   59   58
   57   58   62   69   81   94  110  128  146
    60.0-180.0 180.0   5.0 450.0                            LAT/LON1/LON2/DLON/H
  152  170  188  204  216  226  236  245  258  271  285  298  307  312  315  314
  310  307  301  296  290  281  266  255  244  231  213  203  189  179  168  161
  148  132  119  106   95   88   82   82   84   83   85   88   89   89   89   86
   83   79   75   72   69   67   66   66   65   65   65   65   63   62   59   58
   56   57   61   69   80   95  113  133  152
    57.5-180.0 180.0   5.0 450.0                            LAT/LON1/LON2/DLON/H
  161  181  198  214  229  243  250  262  272  284  297  308  316  321  323  321
  316  312  309  307  304  297  283  277  265  254  238  226  215  206  194  184
  169  149  130  114  101   92   85   82   85   83   85   86   88   89   88   85
   81   77   74   71   70   70   70   70   71   72   72   72   71   69   66   65
   63   64   67   75   87  102  121  139  161
    55.0-180.0 180.0   5.0 450.0                            LAT/LON1/LON2/DLON/H
  172  192  211  228  244  258  267  279  289  299  310  321  328  331  333  330
  326  323  320  318  315  311  301  295  284  271  259  249  240  230  220  207
  187  167  147  128  113  101   94   89   90   88   90   91   92   93   90   87
   84   79   77   76   76   77   79   81   82   84   84   83   81   79   77   75
   75   75   79   87   99  113  132  152  172
    52.5-180.0 180.0   5.0 450.0                            LAT/LON1/LON2/DLON/H
  185  206  224  244  262  277  289  299  308  317  326  333  340  343  344  343
  339  335  331  328  326  321  314  306  295  283  275  267  259  252  241  227
  206  185  164  145  128  116  108  104  102  100  100  100  101  101   98   94
   90   87   85   84   85   87   90   92   95   97   97   96   93   90   88   87
   88   88   93  101  114  129  146  164  185
    50.0-180.0 180.0   5.0 450.0                            LAT/LON1/LON2/DLON/H
  199  219  239  260  279  296  310  322  330  336  341  347  353  355  357  356
  352  347  342  337  334  329  322  313  303  294  287  281  276  267  255  239
  218  197  177  160  145  133  124  119  115  113  111  112  113  112  109  105
  101   97   95   95   95   98  101  104  108  110  110  108  104  102  100   99
   99  101  106  117  129  144  161  179  199
    47.5-180.0 180.0   5.0 450.0                            LAT/LON1/LON2/DLON/H
  213  232  253  275  296  315  332  345  352  357  359  361  366  368  368  367
  363  358  352  345  340  335  327  318  309  303  298  294  288  277  260  242
  221  201  183  169  157  147  139  133  127  124  123  123  125  124  121  116
  113  109  107  107  107  109  112  116  119  120  120  118  115  112  110  110
  110  113  119  130  144  158  176  194  213
    45.0-180.0 180.0   5.0 450.0                            LAT/LON1/LON2/DLON/H
  223  243  265  288  311  332  350  365  371  374  374  374  377  379  380  379
  375  370  362  354  347  341  333  325  317  311  306  301  293  279  258  236
  215  198  185  174  165  158  150  142  136  132  131  132  133  133  129  125
  122  119  117  117  117  119  120  123  126  127  127  125  122  120  118  117
  117  121  128  140  154  170  187  204  223
    42.5-180.0 180.0   5.0 450.0                            LAT/LON1/LON2/DLON/H
  229  250  272  297  321  344  365  378  385  387  386  386  387  390  391  392
  389  384  374  366  358  350  342  334  325  319  314  307  295  275  252  227
  206  192  184  177  171  164  157  149  142  138  136  137  136  136  134  131
  128  126  124  123  122  122  122  124  127  129  129  127  125  123  121  120
  121  124  132  145  160  176  194  211  229
    40.0-180.0 180.0   5.0 450.0                            LAT/LON1/LON2/DLON/H
  231  252  276  301  325  348  369  383  392  396  396  397  400  402  405  406
  404  400  391  381  373  364  356  346  337  330  323  313  298  274  246  220
  201  190  185  182  178  172  164  155  148  142  138  137  136  136  135  131
  128  126  125  124  122  120  119  120  123  127  128  126  123  122  121  120
  121  124  133  147  162  178  194  212  231
    37.5-180.0 180.0   5.0 450.0                            LAT/LON1/LON2/DLON/H
  229  251  276  301  324  347  367  381  393  401  404  407  412  417  420  422
  422  419  412  403  393  383  374  363  352  343  335  323  304  278  250  223
  206  199  197  195  191  185  174  165  155  148  142  139  136  135  132  128
  125  122  121  121  119  116  114  116  120  124  125  123  120  119  119  118
  117  121  130  145  162  177  193  210  229
    35.0-180.0 180.0   5.0 450.0                            LAT/LON1/LON2/DLON/H
  227  249  274  299  321  342  361  376  392  402  411  418  426  432  436  439
  441  440  435  427  417  407  395  380  369  358  349  338  319  294  269  244
  231  225  225  221  216  207  193  181  170  159  150  143  139  134  131  126
  122  119  120  121  119  116  113  114  117  121  123  120  118  116  116  114
  114  117  127  143  161  176  191  207  227
    32.5-180.0 180.0   5.0 450.0                            LAT/LON1/LON2/DLON/H
  227  250  275  299  318  336  355  371  387  402  416  429  440  449  453  459
  461  462  459  452  442  431  417  398  385  375  366  359  345  324  305  287
  277  273  268  263  252  241  221  212  196  178  165  155  146  140  135  130
  126  125  127  129  127  123  118  116  119  122  121  118  115  114  113  111
  110  114  125  144  162  178  193  208  227
    30.0-180.0 180.0   5.0 450.0                            LAT/LON1/LON2/DLON/H
  233  256  281  303  321  337  355  370  387  405  424  441  455  466  472  477
  480  483  481  475  467  454  438  417  402  394  388  386  382  373  361  350
  344  339  326  313  299  282  259  247  226  207  187  174  163  158  152  147
  143  143  146  149  146  139  130  124  123  124  121  117  113  111  110  108
  108  113  127  147  168  184  198  214  233
    27.5-180.0 180.0   5.0 450.0                            LAT/LON1/LON2/DLON/H
  244  268  292  315  333  351  366  380  397  417  441  460  476  487  490  495
  499  503  501  496  488  474  457  437  422  415  414  422  430  433  436  435
  427  421  396  371  347  325  296  271  248  232  213  199  189  185  184  179
  176  173  177  180  175  163  148  136  130  126  121  114  110  108  106  106
  107  115  131  155  177  193  206  223  244
    25.0-180.0 180.0   5.0 450.0                            LAT/LON1/LON2/DLON/H
  259  285  312  335  354  372  387  402  421  443  467  490  505  514  514  518
  519  523  522  518  509  493  476  458  445  442  447  466  484  504  518  521
  522  518  473  431  391  361  319  281  264  252  235  226  220  221  222  219
  216  213  216  218  212  191  169  151  138  130  121  112  105  103  102  102
  105  115  136  164  189  205  219  236  259
    22.5-180.0 180.0   5.0 450.0                            LAT/LON1/LON2/DLON/H
  276  307  338  362  382  403  420  439  458  481  505  528  542  548  545  546
  546  549  546  542  531  515  499  484  473  476  492  518  546  575  597  601
  606  602  551  482  431  391  335  296  281  266  254  250  251  255  260  260
  258  256  255  256  244  217  188  163  144  131  119  108  100   96   96   96
  101  113  140  171  199  219  233  251  276
    20.0-180.0 180.0   5.0 450.0                            LAT/LON1/LON2/DLON/H
  296  330  366  392  417  445  466  490  510  534  558  576  588  593  587  583
  580  582  579  573  559  542  529  517  512  521  543  576  608  639  664  668
  659  644  584  508  447  401  349  313  293  274  264  264  271  281  289  293
  291  289  286  280  265  232  197  167  145  130  115  103   94   90   89   90
   95  111  140  175  206  229  245  266  296
    17.5-180.0 180.0   5.0 450.0                            LAT/LON1/LON2/DLON/H
  314  355  395  427  457  493  525  558  578  600  622  634  642  645  640  631
  627  626  621  612  598  581  570  563  563  575  599  631  665  690  709  704
  675  635  571  493  435  387  340  303  286  271  263  269  280  292  303  310
  308  304  298  288  266  233  198  167  144  128  113   99   90   86   85   85
   91  108  138  175  209  234  254  279  314
    15.0-180.0 180.0   5.0 450.0                            LAT/LON1/LON2/DLON/H
  332  378  423  460  497  540  591  628  655  668  686  695  703  704  703  693
  686  682  674  664  647  633  623  619  622  635  655  682  705  718  723  703
  655  588  515  444  391  350  308  280  264  257  258  267  278  288  296  302
  302  301  292  277  253  221  188  160  141  126  112   99   89   86   84   84
   90  107  136  173  208  236  261  291  332
    12.5-180.0 180.0   5.0 450.0                            LAT/LON1/LON2/DLON/H
  348  398  448  491  533  581  635  683  719  733  741  751  759  767  771  763
  755  750  739  728  710  696  683  678  682  696  710  720  725  720  708  672
  604  518  443  380  337  306  274  253  244  246  253  263  268  270  272  276
  278  279  270  253  229  201  174  151  136  125  113  101   93   89   86   86
   92  109  137  172  208  239  267  302  348
    10.0-180.0 180.0   5.0 450.0                            LAT/LON1/LON2/DLON/H
  362  415  465  509  553  602  656  711  749  768  776  785  798  817  833  833
  827  822  812  801  780  763  747  740  743  752  756  747  730  708  680  621
  536  448  374  324  293  271  251  241  241  248  259  265  260  250  243  242
  246  243  237  222  200  180  161  146  136  128  117  107  100   95   91   90
   96  113  139  175  211  243  273  315  362
     7.5-180.0 180.0   5.0 450.0                            LAT/LON1/LON2/DLON/H
  375  427  477  521  562  608  658  707  749  772  783  794  815  846  875  889
  890  889  885  871  851  833  815  805  799  793  780  756  723  694  654  580
  485  397  330  295  277  265  256  255  260  270  280  278  263  240  220  212
  216  208  206  194  176  162  154  149  145  139  129  117  110  104   98   96
  102  119  146  179  215  247  282  325  375
     5.0-180.0 180.0   5.0 450.0                            LAT/LON1/LON2/DLON/H
  384  438  488  528  568  608  651  694  728  748  761  778  807  848  890  920
  933  931  934  922  906  891  873  860  838  812  783  751  717  686  638  559
  464  383  327  297  288  286  289  296  304  316  323  314  286  248  215  198
  200  191  188  180  166  158  158  159  161  156  144  132  123  116  109  105
  109  126  153  186  220  253  290  335  384
     2.5-180.0 180.0   5.0 450.0                            LAT/LON1/LON2/DLON/H
  390  443  493  537  575  611  647  678  699  712  719  740  777  822  878  915
  939  940  945  942  932  921  906  886  852  817  781  747  716  685  637  565
  485  413  363  336  330  337  348  360  371  384  388  371  332  283  238  214
  210  196  190  181  171  168  171  174  176  172  161  147  136  128  119  115
  118  135  162  195  228  262  298  341  390
