examples/igsg2840.11i
     1.0            IONOSPHERE MAPS     MIX                 IONEX VERSION / TYPE
cmpcmb v1.2          GRL/UWM            25-oct-11 05:54     PGM / RUN BY / DATE 
ionex file containing IGS COMBINED Ionosphere maps          COMMENT             
global ionosphere maps for day 284, 2011                    DESCRIPTION         
IONEX file containing the COMBINED IGS TEC MAPS and DCBs    DESCRIPTION         
      IONEX files of the following IAACs were combined: cod DESCRIPTION         
                                                        esa DESCRIPTION         
                                                        jpl DESCRIPTION         
                                                        upc DESCRIPTION         
Contact address: Andrzej Krankowski                         DESCRIPTION
                 Geodynamics Research Laboratory            DESCRIPTION
                 University of Warmia and Mazury (GRL/UWM)  DESCRIPTION
                 Oczapowski St. 1                           DESCRIPTION
                 10-957-Olsztyn, POLAND                     DESCRIPTION
                 e-mail:  kand@uwm.edu.pl                   DESCRIPTION
                                                            DESCRIPTION         
  2011    10    11     0     0     0                        EPOCH OF FIRST MAP  
  2011    10    12     0     0     0                        EPOCH OF LAST MAP   
  7200                                                      INTERVAL            
    13                                                      # OF MAPS IN FILE   
  COSZ                                                      MAPPING FUNCTION    
     0.0                                                    ELEVATION CUTOFF    
combined TEC calculated as weighted mean of input TEC valuesOBSERVABLES USED    
   375                                                      # OF STATIONS       
    32                                                      # OF SATELLITES     
  6371.0                                                    BASE RADIUS         
     2                                                      MAP DIMENSION       
   450.0 450.0   0.0                                        HGT1 / HGT2 / DHGT  
    87.5 -87.5  -2.5                                        LAT1 / LAT2 / DLAT  
  -180.0 180.0   5.0                                        LON1 / LON2 / DLON  
    -1                                                      EXPONENT            
TEC values in 0.1 tec units;  9999, if no value available   COMMENT             
DCB values in nanoseconds, reference is Sum_of_SatDCBs = 0  COMMENT             
                                                            END OF HEADER       
[from data line 2145]
     6                                                      START OF TEC MAP    
  2011    10    11    10     0     0                        EPOCH OF CURRENT MAP
    87.5-180.0 180.0   5.0 450.0                            LAT/LON1/LON2/DLON/H
   94   95   95   94   95   94   94   95   95   96   96   96   96   96   97   97
   98  100  101  102  103  105  105  107  109  110  111  113  115  116  118  119
  121  122  123  126  126  126  126  126  127  128  127  126  126  124  123  121
  120  117  116  115  112  111  109  108  106  105  104  103  102  101  100   98
   97   97   96   95   95   95   95   95   94
    85.0-180.0 180.0   5.0 450.0                            LAT/LON1/LON2/DLON/H
   85   85   85   85   84   84   85   85   85   84   85   86   85   86   86   86
   88   87   89   91   94   96   99  102  105  108  110  115  118  121  125  127
  130  134  136  139  142  143  144  146  146  146  145  145  142  139  137  135
  131  127  124  120  116  113  109  107  105  103  101   99   96   95   92   91
   89   88   87   86   86   85   85   85   85
    82.5-180.0 180.0   5.0 450.0                            LAT/LON1/LON2/DLON/H
   78   77   78   77   77   78   77   76   75   76   74   75   73   74   73   73
   74   75   77   79   82   86   89   95   99  103  106  108  114  119  124  130
  134  141  145  150  154  159  160  163  164  163  163  162  161  157  154  149
  144  139  134  129  123  118  112  107  104  100   97   94   91   88   86   85
   83   81   80   79   80   79   78   78   78
    80.0-180.0 180.0   5.0 450.0                            LAT/LON1/LON2/DLON/H
   74   74   72   72   71   70   69   68   67   66   66   65   64   64   64   64
   64   65   66   68   70   75   81   82   87   92  100  105  113  121  129  136
  143  150  156  160  166  171  173  175  177  178  178  177  174  171  168  164
  159  155  148  142  136  131  124  118  112  107  103   98   94   91   88   86
   84   83   82   80   79   77   76   75   74
    77.5-180.0 180.0   5.0 450.0                            LAT/LON1/LON2/DLON/H
   74   72   71   68   66   64   64   62   61   60   59   59   58   58   59   59
   59   60   62   64   66   71   77   80   86   92   98  105  113  123  133  142
  149  159  167  172  178  182  187  190  191  191  191  191  190  187  184  180
  176  173  167  161  156  150  143  137  131  125  119  113  108  105  101   97
   95   93   90   87   84   82   79   76   74
    75.0-180.0 180.0   5.0 450.0                            LAT/LON1/LON2/DLON/H
   77   73   70   67   64   62   61   59   58   56   56   56   57   59   59   60
   61   63   66   69   75   74   82   82   87   90   98  106  115  125  136  145
  155  164  173  180  187  192  196  199  201  203  202  203  202  201  199  197
  194  191  187  183  178  174  167  161  155  150  143  137  132  126  121  116
  112  107  102   98   93   89   84   80   77
    72.5-180.0 180.0   5.0 450.0                            LAT/LON1/LON2/DLON/H
   79   74   70   67   63   60   58   57   56   54   55   57   59   61   64   66
   72   75   77   84   84   83   90   91   94   98  105  109  117  126  137  148
  159  168  177  185  192  198  202  206  209  210  211  212  211  212  212  212
  210  208  207  205  201  198  193  187  182  176  169  162  156  149  141  135
  129  122  115  108  102   96   90   84   79
    70.0-180.0 180.0   5.0 450.0                            LAT/LON1/LON2/DLON/H
   80   75   70   66   63   59   58   56   55   55   56   60   63   68   72   78
   83   87   90   93   92   94   98   99  103  107  110  118  123  129  139  149
  160  170  178  187  195  201  207  211  213  215  218  218  219  221  222  222
  223  223  223  223  221  218  215  211  204  198  190  182  174  164  155  147
  138  129  122  115  107   99   93   86   80
    67.5-180.0 180.0   5.0 450.0                            LAT/LON1/LON2/DLON/H
   78   73   69   65   63   59   58   56   55   56   59   63   68   75   80   85
   90   94   97   98   97  100  103  105  107  111  114  120  127  132  141  149
  158  168  177  187  195  204  211  215  217  219  221  223  225  226  228  230
  232  233  234  235  234  232  229  225  218  211  202  191  181  169  158  149
  139  130  122  114  106   99   92   85   78
    65.0-180.0 180.0   5.0 450.0                            LAT/LON1/LON2/DLON/H
   75   70   67   64   62   59   58   56   56   57   60   65   70   77   83   87
   92   94   97   97   97  100  102  103  105  110  113  118  126  134  141  149
  157  167  177  186  196  204  212  218  221  222  225  227  228  230  233  235
  237  238  240  240  239  238  234  230  222  213  202  190  178  164  153  141
  132  122  114  107  100   93   87   81   75
    62.5-180.0 180.0   5.0 450.0                            LAT/LON1/LON2/DLON/H
   70   67   64   63   62   59   57   55   55   56   59   62   67   73   78   83
   86   88   88   90   91   92   93   96   98  103  109  115  124  132  141  149
  158  168  178  187  196  205  212  219  223  226  229  231  233  234  237  239
  241  242  242  241  241  238  234  229  220  209  197  184  170  155  142  129
  119  110  102   96   90   85   80   75   70
    60.0-180.0 180.0   5.0 450.0                            LAT/LON1/LON2/DLON/H
   66   64   62   62   61   59   57   53   52   52   54   57   61   67   70   74
   75   76   76   79   78   78   79   84   89   95  103  113  123  133  143  152
  160  170  180  190  199  207  214  220  225  229  234  236  239  240  242  243
  245  244  244  242  239  237  233  227  218  206  193  179  163  148  133  120
  107   99   91   86   82   79   74   69   66
    57.5-180.0 180.0   5.0 450.0                            LAT/LON1/LON2/DLON/H
   64   62   62   62   61   58   56   52   49   48   49   51   55   58   60   62
   62   62   63   64   63   63   65   71   79   86   97  110  123  134  147  157
  165  173  184  194  202  211  219  225  231  235  240  245  246  249  249  250
  250  248  247  244  241  236  233  227  219  207  194  181  164  149  132  117
  104   94   87   82   80   76   72   67   64
    55.0-180.0 180.0   5.0 450.0                            LAT/LON1/LON2/DLON/H
   66   64   64   64   63   60   58   52   48   46   46   48   51   52   52   52
   52   52   52   52   51   51   54   60   72   82   96  111  126  138  152  164
  172  180  190  199  208  216  225  233  239  245  251  256  258  261  262  261
  260  257  254  251  246  241  237  231  225  214  203  189  174  158  140  124
  111  100   91   86   84   81   75   70   66
    52.5-180.0 180.0   5.0 450.0                            LAT/LON1/LON2/DLON/H
   73   70   68   67   66   63   60   55   51   48   48   49   50   50   49   48
   47   46   46   46   45   46   49   55   68   82   98  115  132  147  160  172
  182  190  199  208  217  226  236  244  250  258  266  271  273  275  275  275
  274  271  267  262  256  251  247  241  235  226  217  204  190  175  158  141
  128  116  106   99   96   91   84   78   73
    50.0-180.0 180.0   5.0 450.0                            LAT/LON1/LON2/DLON/H
   85   79   75   72   70   67   65   60   57   55   54   55   54   53   52   50
   49   48   46   48   48   48   51   58   70   86  105  125  142  156  168  180
  190  200  209  220  229  240  250  259  266  274  282  287  289  290  290  290
  288  285  282  277  270  264  258  254  249  241  233  222  207  194  179  162
  148  137  126  119  113  106   99   91   85
    47.5-180.0 180.0   5.0 450.0                            LAT/LON1/LON2/DLON/H
   98   90   84   80   77   74   71   67   65   64   63   63   63   61   59   57
   55   53   53   55   56   57   60   67   79   95  116  135  153  167  177  187
  198  210  221  233  245  257  269  277  286  294  301  306  307  307  306  305
  304  301  298  292  286  278  270  266  260  253  245  235  221  208  195  180
  166  155  145  137  130  122  114  106   98
    45.0-180.0 180.0   5.0 450.0                            LAT/LON1/LON2/DLON/H
  110  102   95   90   86   82   80   75   73   72   72   73   73   72   68   66
   63   63   64   68   69   70   72   78   90  107  126  146  163  175  184  193
  204  218  232  246  261  276  289  299  309  317  322  324  326  324  322  320
  318  318  313  307  300  291  281  274  265  255  246  236  224  211  199  186
  174  163  153  146  139  133  126  118  110
    42.5-180.0 180.0   5.0 450.0                            LAT/LON1/LON2/DLON/H
  118  112  105   99   94   90   88   84   82   80   80   82   82   81   79   74
   73   74   77   81   82   82   83   88   99  116  135  154  169  180  189  197
  209  224  240  257  276  295  311  322  332  339  342  345  345  342  339  336
  334  334  330  322  312  301  289  278  262  248  236  225  212  200  188  177
  166  156  148  143  138  134  131  125  118
    40.0-180.0 180.0   5.0 450.0                            LAT/LON1/LON2/DLON/H
  120  116  111  106  102   98   95   91   88   86   87   88   89   90   87   83
   82   83   87   91   94   92   91   95  105  121  139  158  172  182  191  201
  213  230  248  268  290  311  329  345  355  362  367  367  366  361  357  354
  351  349  344  337  325  311  295  280  259  239  224  210  195  182  169  159
  149  139  131  127  125  125  125  123  120
    37.5-180.0 180.0   5.0 450.0                            LAT/LON1/LON2/DLON/H
  113  113  111  108  106  102  100   95   92   90   91   92   95   96   94   91
   89   90   94   99  101   99   96   98  107  123  141  157  172  182  192  203
  219  235  255  276  300  325  347  365  378  387  392  394  393  387  382  378
  374  371  365  358  346  329  309  290  266  242  223  205  187  170  155  144
  134  122  113  109  107  108  110  112  113
    35.0-180.0 180.0   5.0 450.0                            LAT/LON1/LON2/DLON/H
  102  106  106  106  104  102   99   95   92   91   92   95   99  101   99   97
   94   94   97  101  103  101   97   98  107  122  140  156  171  184  195  207
  224  242  261  284  310  337  364  384  401  411  415  421  424  423  417  413
  409  403  399  393  381  363  343  321  296  270  245  222  200  179  160  144
  132  119  106   97   94   93   95   98  102
    32.5-180.0 180.0   5.0 450.0                            LAT/LON1/LON2/DLON/H
   92   97  100  100   99   98   96   92   90   88   91   96  100  104  104  101
   97   96   97   99  101   99   96   96  104  119  137  154  171  186  201  215
  232  251  270  293  319  347  375  401  421  435  444  454  460  463  460  460
  457  455  452  449  438  422  404  383  358  329  302  274  248  221  195  174
  158  139  122  107   96   89   87   88   92
    30.0-180.0 180.0   5.0 450.0                            LAT/LON1/LON2/DLON/H
   89   91   93   94   93   91   89   88   86   86   89   94  100  105  107  104
   99   96   96   95   98   96   93   93  102  116  136  155  174  192  210  228
  246  265  284  306  330  358  387  417  441  462  476  488  500  510  517  521
  523  527  528  528  523  506  496  479  454  422  395  368  335  302  267  241
  217  193  170  144  123  107   96   90   89
    27.5-180.0 180.0   5.0 450.0                            LAT/LON1/LON2/DLON/H
   96   93   92   91   89   86   84   82   83   85   88   94  100  107  109  106
  101   97   94   93   94   94   91   94  103  118  138  160  180  201  221  242
  264  284  304  326  346  373  402  434  465  493  509  525  543  563  581  593
  603  614  620  625  624  611  607  597  574  541  516  488  451  413  370  337
  302  273  246  211  181  151  125  107   96
    25.0-180.0 180.0   5.0 450.0                            LAT/LON1/LON2/DLON/H
  117  107  100   95   91   86   83   80   81   85   89   95  103  110  111  108
  103   98   96   94   94   94   92   97  107  124  146  168  191  214  237  260
  285  308  329  353  372  395  420  455  490  522  544  566  591  619  646  668
  685  703  716  717  724  717  717  713  694  665  640  612  574  534  486  447
  404  373  338  297  259  214  174  140  117
    22.5-180.0 180.0   5.0 450.0                            LAT/LON1/LON2/DLON/H
  151  131  119  110  103   95   90   86   85   88   92   98  105  112  114  111
  106  101   98   97   96   95   95  102  116  135  155  179  204  229  255  281
  308  334  356  382  403  420  443  477  513  551  580  605  635  669  705  736
  758  777  791  798  802  799  799  796  783  760  737  708  673  635  588  549
  501  471  429  386  346  291  237  189  151
    20.0-180.0 180.0   5.0 450.0                            LAT/LON1/LON2/DLON/H
  197  167  148  137  126  115  107  100   95   95   98  102  107  110  112  111
  107  103  101  100   98   97   98  108  125  146  166  191  218  246  275  303
  333  362  387  414  437  448  469  500  538  576  609  636  669  707  748  782
  806  818  829  833  833  832  829  826  819  805  784  755  724  685  642  605
  571  546  509  471  425  364  305  247  197
    17.5-180.0 180.0   5.0 450.0                            LAT/LON1/LON2/DLON/H
  251  214  191  173  159  145  134  121  112  107  106  106  107  107  109  109
  106  103  102  101   99   97   99  112  132  154  177  201  232  263  295  325
  358  389  418  444  463  475  495  524  561  597  629  657  689  725  763  791
  812  821  825  823  820  820  815  813  808  801  784  758  723  681  638  603
  589  571  548  523  481  430  365  306  251
    15.0-180.0 180.0   5.0 450.0                            LAT/LON1/LON2/DLON/H
  299  258  236  216  200  181  168  149  133  122  115  110  107  105  104  104
  103  102  102  100   98   95   98  111  134  160  185  212  243  279  314  347
  380  414  443  467  484  498  517  545  580  614  642  666  691  720  745  770
  781  788  789  783  779  779  775  772  769  764  749  723  684  639  594  560
  545  541  539  529  508  470  414  351  299
    12.5-180.0 180.0   5.0 450.0                            LAT/LON1/LON2/DLON/H
  341  303  275  257  241  220  204  181  158  139  126  115  108  103  101  100
   99   98   98   98   95   92   94  109  135  164  192  221  255  294  331  368
  400  431  460  482  499  515  535  563  594  623  646  664  683  700  714  727
  734  740  740  733  729  729  724  720  718  713  696  668  625  573  534  494
  469  473  486  492  493  475  438  386  341
    10.0-180.0 180.0   5.0 450.0                            LAT/LON1/LON2/DLON/H
  364  334  311  293  282  265  247  212  185  159  138  122  110  104  100   96
   93   91   92   93   91   88   91  107  135  167  199  231  268  308  348  382
  411  443  470  490  508  525  547  573  602  627  644  657  667  676  682  687
  691  695  694  688  685  685  678  672  669  662  646  616  572  520  473  430
  402  400  417  432  448  451  437  402  364
     7.5-180.0 180.0   5.0 450.0                            LAT/LON1/LON2/DLON/H
  377  352  335  325  315  300  281  243  211  179  153  132  116  108  104   97
   90   86   87   89   88   86   89  109  140  173  208  243  282  322  360  391
  419  449  472  493  510  529  553  580  603  624  638  647  653  658  660  662
  665  668  667  663  662  660  655  647  642  634  616  586  543  491  439  396
  363  356  361  381  405  423  425  405  377
     5.0-180.0 180.0   5.0 450.0                            LAT/LON1/LON2/DLON/H
  382  361  349  345  340  326  307  269  233  196  167  144  126  116  111  102
   91   83   83   86   87   86   92  114  147  184  221  258  295  334  368  397
  422  447  469  489  509  530  555  581  602  618  631  639  645  649  654  657
  661  665  666  665  665  664  661  653  647  635  613  583  540  489  439  395
  355  337  335  352  379  403  412  403  382
     2.5-180.0 180.0   5.0 450.0                            LAT/LON1/LON2/DLON/H
  382  365  356  357  355  343  324  287  250  211  178  154  136  126  119  109
   94   84   82   86   88   89   97  123  158  196  235  272  307  342  372  398
  421  442  463  483  504  527  553  578  597  609  622  633  641  649  660  668
  677  683  688  689  694  693  690  685  675  659  635  606  566  518  470  423
  377  348  333  342  366  389  402  399  382
