examples/igsg2840.11i
     1.0            IONOSPHERE MAPS     MIX                 IONEX VERSION / TYPE
cmpcmb v1.2          GRL/UWM            25-oct-11 05:54     PGM / RUN BY / DATE 
ionex file containing IGS COMBINED Ionosphere maps          COMMENT             
global ionosphere maps for day 284, 2011                    DESCRIPTION         
IONEX file containing the COMBINED IGS TEC MAPS and DCBs    DESCRIPTION         
      IONEX files of the following IAACs were combined: cod DESCRIPTION         
                                                        esa DESCRIPTION         
                                                        jpl DESCRIPTION         
                                                        upc DESCRIPTION         
Contact address: Andrzej Krankowski                         DESCRIPTION
                 Geodynamics Research Laboratory            DESCRIPTION
                 University of Warmia and Mazury (GRL/UWM)  DESCRIPTION
                 Oczapowski St. 1                           DESCRIPTION
                 10-957-Olsztyn, POLAND                     DESCRIPTION
                 e-mail:  kand@uwm.edu.pl                   DESCRIPTION
                                                            DESCRIPTION         
  2011    10    11     0     0     0                        EPOCH OF FIRST MAP  
  2011    10    12     0     0     0                        EPOCH OF LAST MAP   
  7200                                                      INTERVAL            
    13                                                      # OF MAPS IN FILE   
  COSZ                                                      MAPPING FUNCTION    
     0.0                                                    ELEVATION CUTOFF    
combined TEC calculated as weighted mean of input TEC valuesOBSERVABLES USED    
   375                                                      # OF STATIONS       
    32                                                      # OF SATELLITES     
  6371.0                                                    BASE RADIUS         
     2                                                      MAP DIMENSION       
   450.0 450.0   0.0                                        HGT1 / HGT2 / DHGT  
    87.5 -87.5  -2.5                                        LAT1 / LAT2 / DLAT  
  -180.0 180.0   5.0                                        LON1 / LON2 / DLON  
    -1                                                      EXPONENT            
TEC values in 0.1 tec units;  9999, if no value available   COMMENT             
DCB values in nanoseconds, reference is Sum_of_SatDCBs = 0  COMMENT             
                                                            END OF HEADER       
[from data line 4290]
    11                                                      START OF TEC MAP    
  2011    10    11    20     0     0                        EPOCH OF CURRENT MAP
    87.5-180.0 180.0   5.0 450.0                            LAT/LON1/LON2/DLON/H
  164  164  165  165  166  166  167  167  168  169  169  168  169  169  169  169
  168  168  167  167  166  166  166  165  164  162  161  160  158  156  155  154
  152  151  150  148  147  147  146  144  144  144  143  143  144  144  144  145
  146  146  147  148  148  149  150  151  152  152  153  154  155  155  155  156
  157  158  158  159  160  161  162  163  164
    85.0-180.0 180.0   5.0 450.0                            LAT/LON1/LON2/DLON/H
  163  164  165  165  166  167  168  169  171  172  174  175  177  178  180  181
  181  183  182  181  180  179  178  175  171  168  165  161  158  155  151  148
  145  141  138  136  133  132  129  128  127  126  125  125  125  125  127  128
  129  133  135  137  139  140  142  144  145  146  148  149  151  152  153  154
  156  158  159  160  160  161  162  162  163
    82.5-180.0 180.0   5.0 450.0                            LAT/LON1/LON2/DLON/H
  157  158  159  161  163  164  167  171  174  178  182  184  188  191  193  195
  196  196  196  196  196  194  191  184  179  174  169  166  160  155  151  146
  142  136  132  127  124  120  118  117  115  115  114  114  114  114  115  116
  118  119  123  125  129  131  134  135  137  140  142  143  145  148  149  151
  152  152  153  154  155  155  155  156  157
    80.0-180.0 180.0   5.0 450.0                            LAT/LON1/LON2/DLON/H
  148  150  152  154  158  161  166  171  176  180  185  189  194  199  203  205
  208  209  210  209  207  203  200  194  189  186  179  173  165  158  152  146
  139  134  128  121  117  112  109  107  106  104  103  103  102  104  105  108
  110  112  114  117  121  124  126  128  129  132  133  136  138  140  141  141
  142  142  144  145  145  145  147  147  148
    77.5-180.0 180.0   5.0 450.0                            LAT/LON1/LON2/DLON/H
  142  145  148  151  156  160  165  170  176  182  189  195  201  207  213  218
  221  224  224  223  222  216  211  203  197  190  178  167  160  152  144  136
  131  126  121  118  113  109  105  102  100   99   98   99   99   99  100  101
  103  106  109  112  115  117  119  120  121  121  123  124  126  127  128  128
  129  129  131  132  133  135  137  139  142
    75.0-180.0 180.0   5.0 450.0                            LAT/LON1/LON2/DLON/H
  139  143  148  152  156  161  167  173  180  186  194  203  211  217  223  228
  232  233  235  233  228  222  213  205  194  184  175  164  155  146  137  131
  125  120  116  113  110  107  104  101   97   96   96   97   99  100  100  101
  102  101  102  105  109  110  111  111  110  110  109  109  110  111  112  112
  113  114  116  118  122  126  130  135  139
    72.5-180.0 180.0   5.0 450.0                            LAT/LON1/LON2/DLON/H
  139  145  152  157  163  168  175  180  188  196  204  213  220  227  234  239
  245  246  244  241  232  224  214  203  192  180  168  160  150  140  133  127
  121  117  113  110  108  106  106  103   99   97   97   97   98  100  102  102
  103   99   98   99  100  100   99   97   96   94   93   92   92   92   93   93
   94   97  100  104  110  117  123  132  139
    70.0-180.0 180.0   5.0 450.0                            LAT/LON1/LON2/DLON/H
  141  152  160  168  174  181  187  194  201  208  217  225  232  238  247  255
  261  260  255  248  239  227  215  203  188  179  166  156  147  141  133  127
  122  117  113  109  107  106  104  103  102   99   98   97   97   97  100  102
  101   98   95   92   91   88   85   81   79   77   77   76   75   74   74   75
   76   80   84   90   98  108  119  130  141
    67.5-180.0 180.0   5.0 450.0                            LAT/LON1/LON2/DLON/H
  145  159  170  179  188  195  202  209  218  224  232  241  249  256  264  273
  278  275  270  260  249  234  219  207  193  183  172  161  154  147  141  135
  129  122  117  113  108  106  102  100  100   99   98   98   96   95   96   98
   97   94   89   85   81   76   72   68   65   63   62   61   61   60   61   61
   62   65   70   78   89  101  115  129  145
    65.0-180.0 180.0   5.0 450.0                            LAT/LON1/LON2/DLON/H
  149  164  176  190  201  208  216  224  232  241  250  258  266  276  283  289
  293  292  287  275  263  248  232  219  206  197  187  178  169  163  157  150
  142  132  125  118  112  107  102   98   97   96   98  101   99   94   92   92
   90   87   82   77   71   66   61   57   55   53   52   52   52   53   53   53
   54   57   62   71   82   96  112  131  149
    62.5-180.0 180.0   5.0 450.0                            LAT/LON1/LON2/DLON/H
  152  169  185  201  212  222  230  238  248  257  267  276  285  294  301  305
  309  308  303  292  281  268  253  238  226  218  208  202  192  186  177  169
  158  143  132  124  115  108  102   96   93   92   95   99  100   93   91   87
   84   80   75   69   63   58   55   52   50   50   49   52   53   54   54   55
   55   57   62   70   82   96  114  133  152
    60.0-180.0 180.0   5.0 450.0                            LAT/LON1/LON2/DLON/H
  157  175  193  211  222  233  243  252  263  274  284  293  302  310  316  320
  323  322  316  310  301  288  274  260  248  240  232  226  216  208  197  188
  174  154  140  129  118  110  102   95   90   89   90   93   94   92   89   84
   81   75   69   64   59   56   53   52   52   53   55   59   62   63   63   64
   63   64   67   75   87  101  119  138  157
    57.5-180.0 180.0   5.0 450.0                            LAT/LON1/LON2/DLON/H
  163  182  200  217  231  245  255  268  279  289  302  312  319  325  330  334
  336  333  327  322  316  303  291  277  266  258  251  245  236  227  214  202
  187  167  148  133  121  112  103   97   93   90   92   93   93   93   89   85
   80   74   69   64   61   58   58   58   59   62   66   71   75   76   77   77
   76   77   79   85   95  109  126  143  163
    55.0-180.0 180.0   5.0 450.0                            LAT/LON1/LON2/DLON/H
  169  188  205  223  238  253  266  281  295  307  319  329  336  341  344  348
  348  343  336  332  325  313  301  289  280  272  265  260  252  242  230  214
  196  177  158  141  127  116  108  103   99   97   97   98   98   96   92   88
   83   78   74   70   67   66   67   68   71   75   79   84   87   90   90   91
   91   92   93   99  108  119  134  152  169
    52.5-180.0 180.0   5.0 450.0                            LAT/LON1/LON2/DLON/H
  177  195  212  229  246  261  277  292  308  323  335  344  351  355  357  359
  357  352  345  339  330  319  308  298  290  282  277  272  263  254  241  224
  204  185  166  149  136  125  117  113  109  107  107  107  106  105  102   96
   91   86   82   79   77   79   81   82   85   89   93   97   99  102  103  103
  104  106  108  113  121  132  145  159  177
    50.0-180.0 180.0   5.0 450.0                            LAT/LON1/LON2/DLON/H
  187  203  220  238  254  269  286  304  320  336  348  358  364  368  369  368
  365  360  353  344  334  323  314  305  298  292  287  282  275  264  249  230
  209  189  170  155  144  135  128  124  122  120  119  119  119  118  113  107
  102   97   93   91   91   93   96   97   99  103  105  109  111  113  114  114
  116  118  122  129  136  145  157  170  187
    47.5-180.0 180.0   5.0 450.0                            LAT/LON1/LON2/DLON/H
  198  214  232  247  263  278  296  314  330  346  359  368  375  379  380  379
  375  368  359  349  337  329  322  314  308  304  299  294  285  273  252  230
  208  188  171  157  149  144  139  136  134  133  133  133  133  131  125  118
  113  109  106  106  107  109  111  111  111  112  114  117  120  122  123  124
  126  129  135  143  151  158  169  182  198
    45.0-180.0 180.0   5.0 450.0                            LAT/LON1/LON2/DLON/H
  209  227  245  260  274  288  304  320  336  352  365  376  385  389  391  389
  386  377  367  356  345  338  333  326  320  318  312  306  294  278  254  228
  205  184  169  158  153  150  148  146  145  145  146  146  144  140  135  128
  124  120  119  119  121  122  122  121  119  118  119  121  124  127  128  130
  133  138  147  155  163  171  180  193  209
    42.5-180.0 180.0   5.0 450.0                            LAT/LON1/LON2/DLON/H
  218  239  257  274  286  298  311  325  340  355  368  381  392  398  402  401
  399  390  378  367  358  352  347  341  337  334  327  319  304  282  255  227
  200  180  167  159  156  155  154  153  153  154  154  154  150  145  139  134
  130  127  126  126  127  127  126  123  120  119  119  120  124  128  129  132
  135  142  153  164  173  180  189  202  218
    40.0-180.0 180.0   5.0 450.0                            LAT/LON1/LON2/DLON/H
  227  248  270  285  297  306  317  327  339  353  368  382  396  406  413  413
  412  406  394  384  376  371  366  361  358  353  343  333  315  288  258  228
  200  181  169  163  161  160  160  159  160  160  160  158  152  145  140  134
  130  127  126  126  126  125  122  119  117  116  116  117  120  124  127  129
  133  142  155  169  179  186  195  209  227
    37.5-180.0 180.0   5.0 450.0                            LAT/LON1/LON2/DLON/H
  233  256  279  296  305  314  323  329  339  352  367  383  399  412  420  424
  425  423  414  404  397  391  386  383  378  372  360  347  326  298  268  235
  209  191  181  175  172  169  167  166  165  165  163  159  152  144  138  131
  126  122  121  121  121  120  118  116  114  113  114  114  116  119  122  124
  128  138  153  170  182  190  199  212  233
    35.0-180.0 180.0   5.0 450.0                            LAT/LON1/LON2/DLON/H
  237  263  287  304  314  321  328  334  342  352  367  384  400  415  425  433
  436  436  430  422  415  409  405  404  397  389  375  362  340  314  287  257
  232  215  203  196  191  185  179  175  171  169  164  159  152  143  136  128
  122  117  117  118  118  118  119  117  116  115  114  113  114  116  117  118
  122  131  148  168  184  194  203  217  237
    32.5-180.0 180.0   5.0 450.0                            LAT/LON1/LON2/DLON/H
  243  269  295  313  323  328  336  341  347  354  368  385  402  417  428  438
  443  446  444  436  430  423  420  419  412  402  389  376  359  338  318  295
  273  254  238  228  218  209  198  190  186  176  168  162  156  148  139  130
  123  119  119  121  123  125  125  125  124  122  119  116  115  114  113  113
  116  126  144  167  186  199  209  223  243
    30.0-180.0 180.0   5.0 450.0                            LAT/LON1/LON2/DLON/H
  255  280  306  324  334  341  348  352  356  362  374  388  404  419  431  440
  448  454  453  447  440  434  432  429  423  413  401  393  384  373  363  349
  329  307  285  268  253  237  223  212  205  196  179  173  169  163  153  144
  137  133  133  136  138  141  142  142  139  134  129  123  117  114  112  109
  112  123  143  169  192  207  219  234  255
    27.5-180.0 180.0   5.0 450.0                            LAT/LON1/LON2/DLON/H
  270  294  319  339  351  361  367  369  371  376  387  399  412  426  434  443
  452  459  461  455  447  441  439  437  432  423  415  413  416  419  423  419
  396  371  341  314  290  267  253  240  230  219  200  192  190  187  181  173
  166  161  160  163  165  167  168  165  158  150  141  130  122  117  111  108
  110  122  145  174  202  219  232  248  270
    25.0-180.0 180.0   5.0 450.0                            LAT/LON1/LON2/DLON/H
  287  311  336  357  372  384  391  393  396  400  407  418  429  440  446  453
  459  466  469  463  454  448  447  446  443  439  436  443  456  475  492  492
  472  445  401  363  328  302  280  261  251  238  222  219  218  220  219  212
  205  198  197  200  202  199  197  190  177  164  151  137  125  117  111  108
  110  123  149  183  214  234  249  265  287
    22.5-180.0 180.0   5.0 450.0                            LAT/LON1/LON2/DLON/H
  304  329  355  378  395  411  420  426  428  431  438  450  461  468  470  475
  479  484  485  481  470  461  460  462  462  463  467  481  504  536  561  564
  547  514  467  408  365  334  305  283  269  256  244  245  251  257  260  255
  249  239  236  238  238  231  223  209  191  173  156  139  125  117  111  107
  110  124  153  190  225  250  266  283  304
    20.0-180.0 180.0   5.0 450.0                            LAT/LON1/LON2/DLON/H
  322  347  377  400  422  442  455  463  465  470  481  494  507  514  511  512
  514  518  519  515  501  489  487  491  493  498  507  529  559  595  625  630
  606  562  508  440  387  356  331  309  289  272  265  269  280  291  297  295
  288  275  272  268  264  253  237  216  194  174  155  138  123  115  109  107
  109  124  154  194  232  261  281  300  322
    17.5-180.0 180.0   5.0 450.0                            LAT/LON1/LON2/DLON/H
  337  367  399  425  451  474  493  507  511  519  535  551  566  573  571  566
  567  571  571  567  550  535  530  533  537  542  555  578  614  647  675  674
  639  582  513  439  392  368  352  332  310  291  284  289  302  314  321  318
  312  298  294  288  276  260  238  214  190  170  151  134  121  113  109  108
  111  125  154  195  234  265  288  311  337
    15.0-180.0 180.0   5.0 450.0                            LAT/LON1/LON2/DLON/H
  349  384  418  448  477  505  533  550  560  571  593  614  635  643  645  640
  640  643  642  637  616  600  589  588  588  593  604  628  658  685  701  689
  638  558  480  414  378  369  367  354  332  311  301  303  313  321  324  318
  312  304  298  289  274  254  228  204  182  163  146  131  119  114  111  111
  115  127  154  192  233  265  290  317  349
    12.5-180.0 180.0   5.0 450.0                            LAT/LON1/LON2/DLON/H
  356  396  435  470  502  533  563  588  609  625  650  682  707  722  727  725
  729  732  726  722  701  680  659  650  643  646  654  666  686  702  703  672
  602  507  432  381  361  368  381  378  357  333  319  313  312  312  308  303
  298  289  284  275  261  240  214  191  174  157  142  129  120  116  114  114
  118  130  154  190  229  262  289  319  356
    10.0-180.0 180.0   5.0 450.0                            LAT/LON1/LON2/DLON/H
  362  405  447  485  519  551  585  617  645  669  700  738  769  792  805  811
  820  826  818  815  793  770  740  719  701  693  693  694  701  701  686  634
  547  455  391  357  352  374  400  406  387  360  338  320  307  296  284  274
  270  262  259  253  241  223  199  181  168  155  143  133  127  123  120  117
  121  132  156  191  229  261  287  324  362
     7.5-180.0 180.0   5.0 450.0                            LAT/LON1/LON2/DLON/H
  367  412  458  497  530  562  596  632  666  697  733  773  809  839  859  876
  893  907  904  895  879  855  819  787  753  728  713  705  700  693  666  600
  508  422  372  352  358  390  425  437  419  391  360  330  304  280  260  246
  241  234  234  230  221  207  193  181  171  161  151  143  138  134  128  123
  125  137  161  194  231  261  290  325  367
     5.0-180.0 180.0   5.0 450.0                            LAT/LON1/LON2/DLON/H
  372  422  469  507  540  569  603  639  672  705  741  778  818  849  877  903
  930  947  949  943  932  913  878  834  784  742  716  702  694  681  647  579
  493  419  381  368  379  415  454  469  454  425  389  350  312  276  249  229
  222  213  214  211  207  200  198  192  184  174  165  158  153  147  137  129
  130  142  166  201  236  265  294  329  372
     2.5-180.0 180.0   5.0 450.0                            LAT/LON1/LON2/DLON/H
  377  429  477  517  550  580  611  642  672  701  727  758  795  823  859  886
  922  939  946  950  946  933  898  848  788  743  712  696  687  672  637  574
  504  446  415  404  414  446  483  502  490  464  426  383  336  294  259  232
  220  208  206  204  203  204  210  210  203  193  182  174  169  161  148  138
  136  148  173  207  242  272  299  333  377
