examples/igsg2830.11i
     1.0            IONOSPHERE MAPS     MIX                 IONEX VERSION / TYPE
cmpcmb v1.2          GRL/UWM            25-oct-11 05:49     PGM / RUN BY / DATE 
ionex file containing IGS COMBINED Ionosphere maps          COMMENT             
global ionosphere maps for day 283, 2011                    DESCRIPTION         
IONEX file containing the COMBINED IGS TEC MAPS and DCBs    DESCRIPTION         
      IONEX files of the following IAACs were combined: cod DESCRIPTION         
                                                        esa DESCRIPTION         
                                                        jpl DESCRIPTION         
                                                        upc DESCRIPTION         
Contact address: Andrzej Krankowski                         DESCRIPTION
                 Geodynamics Research Laboratory            DESCRIPTION
                 University of Warmia and Mazury (GRL/UWM)  DESCRIPTION
                 Oczapowski St. 1                           DESCRIPTION
                 10-957-Olsztyn, POLAND                     DESCRIPTION
                 e-mail:  kand@uwm.edu.pl                   DESCRIPTION
                                                            DESCRIPTION         
  2011    10    10     0     0     0                        EPOCH OF FIRST MAP  
  2011    10    11     0     0     0                        EPOCH OF LAST MAP   
  7200                                                      INTERVAL            
    13                                                      # OF MAPS IN FILE   
  COSZ                                                      MAPPING FUNCTION    
     0.0                                                    ELEVATION CUTOFF    
combined TEC calculated as weighted mean of input TEC valuesOBSERVABLES USED    
   370                                                      # OF STATIONS       
    32                                                      # OF SATELLITES     
  6371.0                                                    BASE RADIUS         
     2                                                      MAP DIMENSION       
   450.0 450.0   0.0                                        HGT1 / HGT2 / DHGT  
    87.5 -87.5  -2.5                                        LAT1 / LAT2 / DLAT  
  -180.0 180.0   5.0                                        LON1 / LON2 / DLON  
    -1                                                      EXPONENT            
TEC values in 0.1 tec units;  9999, if no value available   COMMENT             
DCB values in nanoseconds, reference is Sum_of_SatDCBs = 0  COMMENT             
                                                            END OF HEADER       
[from data line 2574]
     7                                                      START OF TEC MAP    
  2011    10    10    12     0     0                        EPOCH OF CURRENT MAP
    87.5-180.0 180.0   5.0 450.0                            LAT/LON1/LON2/DLON/H
   99  100  100  100  100  100  101  101  101  101  101  102  102  102  102  102
  103  103  104  104  105  106  107  107  107  108  110  110  111  112  113  114
  115  115  116  116  116  117  116  116  116  115  115  114  114  113  112  111
  110  110  107  107  105  104  103  102  101  100  100   99   99   99   99   99
   99   99   99   99   99   99   99   99   99
    85.0-180.0 180.0   5.0 450.0                            LAT/LON1/LON2/DLON/H
   91   92   93   92   93   93   93   93   93   93   93   93   93   93   93   94
   94   94   95   97   98   99  102  103  106  109  112  114  118  120  122  123
  125  126  127  127  128  127  127  126  125  124  123  121  120  118  116  113
  111  109  107  105  102  100   97   95   94   92   92   90   90   90   90   90
   91   91   91   91   90   91   90   91   91
    82.5-180.0 180.0   5.0 450.0                            LAT/LON1/LON2/DLON/H
   82   81   82   82   83   83   82   83   82   82   81   81   82   82   82   83
   83   84   85   87   89   92   96   99  104  107  111  115  120  123  126  129
  132  134  135  137  137  137  136  135  134  132  130  129  126  123  120  116
  112  108  104  101   98   95   93   90   88   87   85   85   84   84   84   85
   84   83   82   81   80   80   80   81   82
    80.0-180.0 180.0   5.0 450.0                            LAT/LON1/LON2/DLON/H
   71   72   72   72   72   72   72   73   74   74   75   75   75   75   75   75
   75   75   76   77   80   84   90   95  100  103  107  112  117  123  128  133
  139  143  148  150  152  152  151  149  146  143  139  136  133  128  124  120
  115  111  106  102   98   95   93   91   88   86   84   83   81   80   80   79
   78   76   75   73   72   72   72   71   71
    77.5-180.0 180.0   5.0 450.0                            LAT/LON1/LON2/DLON/H
   63   63   63   62   62   63   65   67   68   69   70   71   72   73   74   75
   77   79   79   81   83   86   92   94   99  104  110  116  123  129  135  141
  149  155  160  163  165  166  165  163  160  156  151  145  141  136  131  126
  122  118  114  109  106  102  100   97   94   92   89   87   85   83   81   79
   77   74   71   69   67   65   64   63   63
    75.0-180.0 180.0   5.0 450.0                            LAT/LON1/LON2/DLON/H
   56   55   55   55   57   59   62   64   66   69   71   73   74   75   77   78
   80   82   85   87   90   95  101  101  106  112  118  126  134  142  151  157
  163  167  172  174  176  176  175  173  171  166  162  158  153  149  144  140
  136  133  128  124  120  117  114  111  107  104  100   97   93   90   87   84
   80   76   72   68   65   62   60   58   56
    72.5-180.0 180.0   5.0 450.0                            LAT/LON1/LON2/DLON/H
   53   51   51   51   54   57   61   64   67   70   73   75   76   79   83   84
   88   91   94   98  103  110  115  115  120  124  131  137  143  154  161  168
  175  181  185  187  188  187  186  184  182  178  174  171  168  165  160  158
  155  152  148  144  139  135  131  128  123  118  114  109  105  101   97   92
   86   81   75   70   65   61   58   54   53
    70.0-180.0 180.0   5.0 450.0                            LAT/LON1/LON2/DLON/H
   52   50   50   51   54   58   62   66   69   72   76   78   80   84   88   91
   94   98  104  111  117  126  129  131  137  141  144  149  157  163  170  177
  183  188  193  197  197  197  194  191  188  187  185  183  181  179  177  175
  173  171  169  164  158  153  148  142  135  129  123  118  113  108  103   98
   92   86   80   74   68   63   59   54   52
    67.5-180.0 180.0   5.0 450.0                            LAT/LON1/LON2/DLON/H
   55   52   52   53   56   59   63   66   70   73   75   78   80   84   87   90
   96  102  111  118  126  134  141  143  149  153  157  159  165  171  176  182
  188  194  198  202  203  203  199  196  193  191  190  191  190  189  189  189
  189  187  185  180  173  167  158  151  142  134  127  120  115  109  104  100
   94   89   83   77   71   65   61   57   55
    65.0-180.0 180.0   5.0 450.0                            LAT/LON1/LON2/DLON/H
   59   56   55   55   56   58   61   64   67   69   71   73   75   78   81   86
   92  101  108  117  128  137  145  149  155  159  162  165  168  174  179  185
  191  196  201  206  207  206  203  198  196  196  195  196  197  198  199  200
  200  199  195  190  181  173  164  153  143  133  125  117  111  105  101   97
   93   89   84   79   74   69   65   62   59
    62.5-180.0 180.0   5.0 450.0                            LAT/LON1/LON2/DLON/H
   64   61   58   57   56   57   58   59   60   62   62   64   66   68   72   78
   84   93  100  112  124  135  143  148  154  159  163  166  169  174  180  187
  194  198  202  206  209  208  205  200  198  198  199  201  203  205  207  207
  206  204  200  192  183  173  163  152  142  130  121  112  106  101   97   93
   92   88   85   81   77   73   70   66   64
    60.0-180.0 180.0   5.0 450.0                            LAT/LON1/LON2/DLON/H
   68   64   61   57   55   54   54   53   52   52   52   52   54   56   60   65
   71   81   89  101  114  125  135  142  150  155  160  164  169  174  181  189
  198  204  204  207  209  208  206  203  202  203  205  207  210  212  213  212
  210  206  200  192  183  173  163  152  141  129  119  111  105  100   96   94
   91   87   84   82   79   76   73   70   68
    57.5-180.0 180.0   5.0 450.0                            LAT/LON1/LON2/DLON/H
   70   66   62   58   54   52   50   47   46   45   44   44   44   46   48   51
   58   67   75   88  100  111  123  135  144  150  157  163  169  176  184  192
  201  208  209  210  210  210  208  208  209  211  215  218  220  222  221  218
  213  207  200  193  184  175  165  155  145  133  125  117  111  105  101   97
   93   89   86   83   80   77   74   72   70
    55.0-180.0 180.0   5.0 450.0                            LAT/LON1/LON2/DLON/H
   72   68   63   59   55   51   47   45   44   42   41   40   40   40   40   42
   47   54   62   76   88  100  115  129  140  149  156  164  172  181  189  198
  206  212  214  214  214  213  213  215  218  223  228  231  233  233  230  225
  219  212  204  197  189  182  173  164  154  144  137  130  124  118  111  106
  100   95   90   86   82   79   76   74   72
    52.5-180.0 180.0   5.0 450.0                            LAT/LON1/LON2/DLON/H
   74   70   66   61   56   52   49   48   46   45   44   43   41   40   39   39
   42   47   57   71   84   99  113  128  141  151  160  169  178  188  197  207
  215  219  222  221  219  219  221  225  230  236  242  245  246  245  240  235
  227  220  212  205  200  194  185  178  169  161  156  150  144  135  127  119
  112  104  100   94   88   83   79   76   74
    50.0-180.0 180.0   5.0 450.0                            LAT/LON1/LON2/DLON/H
   78   74   69   64   60   57   55   54   54   53   52   50   48   46   44   42
   44   48   60   74   89  105  119  133  146  156  166  175  185  196  207  216
  224  230  232  231  228  228  232  238  244  251  255  259  259  257  252  246
  238  232  224  218  214  208  199  194  186  180  177  171  164  155  145  134
  127  118  111  105   97   90   85   81   78
    47.5-180.0 180.0   5.0 450.0                            LAT/LON1/LON2/DLON/H
   84   79   74   70   66   64   63   63   64   63   62   61   59   56   53   51
   51   56   66   82   98  115  129  143  154  165  174  184  193  205  217  228
  237  243  245  242  241  242  246  252  260  265  268  270  270  269  263  257
  250  245  238  234  229  222  213  207  200  195  191  187  179  171  161  150
  141  133  125  116  108  100   93   88   84
    45.0-180.0 180.0   5.0 450.0                            LAT/LON1/LON2/DLON/H
   91   85   81   77   74   73   73   74   74   74   72   71   70   68   65   62
   60   66   76   93  111  129  143  156  166  176  185  193  201  213  225  238
  249  257  259  258  256  258  263  269  276  279  280  280  281  279  275  269
  262  257  252  249  243  234  224  215  205  199  195  190  184  177  167  158
  150  143  135  128  119  110  103   95   91
    42.5-180.0 180.0   5.0 450.0                            LAT/LON1/LON2/DLON/H
   99   93   88   85   83   82   83   83   84   83   81   80   79   79   75   72
   71   76   88  105  124  143  157  169  178  187  194  201  209  219  231  247
  260  270  275  276  277  280  283  289  294  296  295  293  294  293  287  281
  275  271  266  262  255  243  229  215  201  192  185  181  175  168  162  156
  150  146  140  133  126  117  110  103   99
    40.0-180.0 180.0   5.0 450.0                            LAT/LON1/LON2/DLON/H
  104   98   94   91   89   90   90   91   91   90   88   86   86   86   84   81
   80   84   97  115  136  155  168  180  189  196  202  208  216  226  239  254
  270  283  293  298  303  308  315  317  319  318  316  314  315  314  305  299
  295  289  281  274  265  249  230  210  192  179  170  164  158  152  149  146
  143  140  136  132  126  120  114  108  104
    37.5-180.0 180.0   5.0 450.0                            LAT/LON1/LON2/DLON/H
  105  100   97   95   93   94   95   96   95   93   91   89   89   90   89   87
   86   91  104  122  143  162  176  188  196  204  210  215  223  233  248  264
  280  297  313  325  337  346  354  354  355  354  347  348  351  348  336  328
  319  312  301  291  278  259  235  209  186  171  160  151  143  137  135  134
  132  131  129  126  123  119  114  109  105
    35.0-180.0 180.0   5.0 450.0                            LAT/LON1/LON2/DLON/H
  104   98   95   94   93   94   95   96   96   94   91   89   90   91   91   89
   89   95  108  127  148  166  179  192  202  210  217  223  231  242  258  274
  292  312  335  358  380  391  400  404  405  404  399  404  406  405  387  371
  357  346  330  317  302  280  255  225  200  181  166  153  143  135  131  129
  127  125  122  119  116  114  112  108  104
    32.5-180.0 180.0   5.0 450.0                            LAT/LON1/LON2/DLON/H
  100   95   92   91   90   91   92   94   95   93   91   88   88   89   90   90
   91   97  111  130  151  167  180  194  206  216  225  232  242  254  270  287
  307  332  363  399  429  453  461  467  469  470  472  480  484  487  467  440
  413  395  375  359  343  323  298  268  242  221  202  184  168  156  147  140
  133  127  120  115  112  111  108  104  100
    30.0-180.0 180.0   5.0 450.0                            LAT/LON1/LON2/DLON/H
   98   92   87   85   85   86   89   92   94   93   90   86   86   87   89   89
   91   98  113  132  153  168  181  197  210  223  232  244  255  269  286  305
  327  358  398  446  488  521  532  541  541  552  561  573  574  584  574  534
  492  468  447  423  407  387  366  340  314  292  268  244  223  203  187  171
  158  143  130  121  115  111  107  102   98
    27.5-180.0 180.0   5.0 450.0                            LAT/LON1/LON2/DLON/H
  101   92   86   82   81   82   86   90   93   93   90   86   84   85   86   87
   91   99  115  136  155  170  184  200  215  229  242  256  271  289  307  327
  351  386  440  499  553  595  607  616  613  627  656  670  681  692  686  643
  591  558  531  508  487  468  453  431  405  384  356  328  300  273  248  223
  201  176  156  140  128  121  114  107  101
    25.0-180.0 180.0   5.0 450.0                            LAT/LON1/LON2/DLON/H
  110  100   92   85   80   80   83   87   92   93   90   86   83   82   83   85
   90  101  119  141  159  174  187  204  220  236  252  270  291  313  335  354
  381  422  483  553  615  658  672  681  677  697  734  758  777  787  782  741
  692  648  618  594  573  554  542  525  504  479  451  420  388  356  323  292
  258  223  197  172  153  142  131  118  110
    22.5-180.0 180.0   5.0 450.0                            LAT/LON1/LON2/DLON/H
  129  115  103   94   85   82   82   86   89   92   90   86   82   81   82   83
   90  103  124  147  166  180  193  209  227  245  264  286  313  341  367  388
  415  460  526  605  675  710  713  717  717  745  787  821  843  851  843  810
  767  730  696  669  647  626  614  596  575  554  526  497  467  434  398  362
  320  281  249  215  190  172  156  141  129
    20.0-180.0 180.0   5.0 450.0                            LAT/LON1/LON2/DLON/H
  155  137  123  109   96   87   84   86   89   91   89   84   80   79   80   82
   89  105  128  153  174  189  202  217  235  256  278  304  335  371  402  424
  452  497  565  645  710  735  732  730  738  772  815  851  870  875  866  846
  813  777  745  718  693  669  651  628  603  582  560  537  514  487  454  420
  380  343  305  264  238  211  190  170  155
    17.5-180.0 180.0   5.0 450.0                            LAT/LON1/LON2/DLON/H
  188  166  148  130  110   95   88   87   89   89   86   82   78   77   77   79
   87  104  130  159  182  198  210  226  244  266  291  322  359  399  433  462
  487  530  594  666  719  738  733  731  744  777  818  849  865  867  858  843
  820  789  761  734  708  682  654  621  592  569  554  539  524  505  481  457
  425  396  358  318  288  254  228  204  188
    15.0-180.0 180.0   5.0 450.0                            LAT/LON1/LON2/DLON/H
  224  198  175  152  128  107   94   90   89   87   83   78   75   74   75   77
   85  102  130  161  188  206  219  234  253  278  306  342  383  426  463  491
  517  553  610  668  711  724  722  722  739  770  805  826  835  829  820  809
  794  772  750  725  699  668  632  589  552  526  514  505  498  488  478  466
  449  431  402  366  329  296  265  243  224
    12.5-180.0 180.0   5.0 450.0                            LAT/LON1/LON2/DLON/H
  257  230  205  175  146  122  104   94   91   86   80   74   72   71   73   76
   83  100  129  162  191  212  227  243  265  293  325  365  408  452  489  515
  537  569  614  660  694  706  706  712  729  755  780  792  786  776  766  759
  753  740  724  704  676  640  598  545  501  471  458  451  449  449  452  453
  452  445  429  400  367  337  307  278  257
    10.0-180.0 180.0   5.0 450.0                            LAT/LON1/LON2/DLON/H
  290  259  227  193  162  135  115  103   95   87   79   72   69   70   71   75
   82   99  128  162  192  216  234  253  280  314  350  391  435  476  511  534
  554  578  612  647  673  684  692  704  721  742  756  756  740  724  713  709
  709  703  694  679  650  612  566  510  458  426  411  405  404  410  420  428
  438  443  438  418  391  366  340  313  290
     7.5-180.0 180.0   5.0 450.0                            LAT/LON1/LON2/DLON/H
  313  278  244  207  176  149  129  113  102   91   80   73   70   71   72   75
   82   99  128  163  194  221  243  267  299  339  376  419  459  498  528  548
  563  583  608  633  653  669  685  703  719  733  737  728  707  687  674  671
  671  673  667  657  632  597  549  493  442  407  392  386  384  387  394  404
  420  432  434  421  401  380  360  336  313
     5.0-180.0 180.0   5.0 450.0                            LAT/LON1/LON2/DLON/H
  324  287  253  216  185  161  143  127  113   98   86   78   74   74   74   77
   83  101  131  166  200  228  255  283  319  362  402  442  479  513  538  554
  568  585  605  623  641  661  684  707  723  731  728  715  695  676  661  654
  653  656  653  645  630  600  557  505  455  421  405  398  393  387  384  391
  406  421  424  415  400  382  365  345  324
     2.5-180.0 180.0   5.0 450.0                            LAT/LON1/LON2/DLON/H
  320  288  256  220  191  170  156  141  126  108   95   87   82   81   79   80
   87  106  136  172  207  238  268  302  340  385  425  462  494  521  541  556
  572  587  603  617  634  658  688  713  730  736  733  720  705  690  673  660
  657  657  654  650  640  618  585  538  494  464  449  439  426  406  392  392
  402  414  412  401  385  370  358  340  320
