examples/igsg2860.11i
     1.0            IONOSPHERE MAPS     MIX                 IONEX VERSION / TYPE
cmpcmb v1.2          GRL/UWM            25-oct-11 06:06     PGM / RUN BY / DATE 
ionex file containing IGS COMBINED Ionosphere maps          COMMENT             
global ionosphere maps for day 286, 2011                    DESCRIPTION         
IONEX file containing the COMBINED IGS TEC MAPS and DCBs    DESCRIPTION         
      IONEX files of the following IAACs were combined: cod DESCRIPTION         
                                                        esa DESCRIPTION         
                                                        jpl DESCRIPTION         
                                                        upc DESCRIPTION         
Contact address: Andrzej Krankowski                         DESCRIPTION
                 Geodynamics Research Laboratory            DESCRIPTION
                 University of Warmia and Mazury (GRL/UWM)  DESCRIPTION
                 Oczapowski St. 1                           DESCRIPTION
                 10-957-Olsztyn, POLAND                     DESCRIPTION
                 e-mail:  kand@uwm.edu.pl                   DESCRIPTION
                                                            DESCRIPTION         
  2011    10    13     0     0     0                        EPOCH OF FIRST MAP  
  2011    10    14     0     0     0                        EPOCH OF LAST MAP   
  7200                                                      INTERVAL            
    13                                                      # OF MAPS IN FILE   
  COSZ                                                      MAPPING FUNCTION    
     0.0                                                    ELEVATION CUTOFF    
combined TEC calculated as weighted mean of input TEC valuesOBSERVABLES USED    
   371                                                      # OF STATIONS       
    32                                                      # OF SATELLITES     
  6371.0                                                    BASE RADIUS         
     2                                                      MAP DIMENSION       
   450.0 450.0   0.0                                        HGT1 / HGT2 / DHGT  
    87.5 -87.5  -2.5                                        LAT1 / LAT2 / DLAT  
  -180.0 180.0   5.0                                        LON1 / LON2 / DLON  
    -1                                                      EXPONENT            
TEC values in 0.1 tec units;  9999, if no value available   COMMENT             
DCB values in nanoseconds, reference is Sum_of_SatDCBs = 0  COMMENT             
                                                            END OF HEADER       
     1                                                      START OF TEC MAP    
  2011    10    13     0     0     0                        EPOCH OF CURRENT MAP
    87.5-180.0 180.0   5.0 450.0                            LAT/LON1/LON2/DLON/H
  130  131  133  133  134  136  136  137  137  137  137  137  138  137  137  136
  136  134  133  132  131  129  128  126  124  122  121  118  117  115  114  113
  111  110  109  108  107  106  106  105  105  104  104  104  104  104  104  104
  105  105  105  106  107  108  109  109  111  112  113  114  115  116  118  119
  121  122  123  124  126  127  128  130  130
    85.0-180.0 180.0   5.0 450.0                            LAT/LON1/LON2/DLON/H
  147  148  151  154  155  157  159  160  161  162  162  162  162  162  160  159
  157  156  154  151  148  145  141  137  133  129  125  122  118  113  110  106
  103  101   99   98   96   95   94   94   94   95   96   96   97   97   98   98
   99  101  102  103  104  106  107  108  110  112  114  116  118  120  123  125
  127  129  132  135  138  139  142  144  147
    82.5-180.0 180.0   5.0 450.0                            LAT/LON1/LON2/DLON/H
  166  168  171  173  176  178  181  183  185  186  187  188  187  187  185  184
  181  179  175  172  165  160  154  147  141  135  130  126  120  116  111  106
  102   98   95   92   90   88   88   88   88   90   90   92   93   94   96   97
   98  100  101  103  104  107  109  111  113  115  117  120  124  127  129  133
  136  140  144  148  152  156  159  162  166
    80.0-180.0 180.0   5.0 450.0                            LAT/LON1/LON2/DLON/H
  179  182  186  189  193  196  200  201  203  206  206  207  207  208  207  205
  204  200  196  191  184  177  167  157  153  147  140  134  126  118  111  105
   99   94   89   88   86   85   85   87   88   89   91   92   94   96   97   99
  101  103  104  105  106  108  110  112  114  117  121  124  128  132  136  141
  145  150  156  161  165  169  173  176  179
    77.5-180.0 180.0   5.0 450.0                            LAT/LON1/LON2/DLON/H
  195  200  204  208  211  214  217  218  221  223  225  225  223  220  218  215
  212  209  206  202  195  186  178  170  163  156  149  141  133  124  116  110
  103   97   92   88   87   86   88   89   91   94   95   96   97   99  100  101
  102  104  105  105  106  106  108  111  115  119  123  127  131  137  142  148
  153  160  165  171  176  181  186  191  195
    75.0-180.0 180.0   5.0 450.0                            LAT/LON1/LON2/DLON/H
  213  217  221  223  226  228  231  235  238  239  237  236  234  230  226  222
  217  209  205  200  192  184  178  173  167  162  154  146  137  129  120  112
  105  101   97   95   94   92   93   95   98  100  102  103  103  103  101  101
  100  100  100  100   99  100  102  108  113  118  122  128  135  141  147  154
  161  167  174  181  188  194  201  207  213
    72.5-180.0 180.0   5.0 450.0                            LAT/LON1/LON2/DLON/H
  228  231  234  236  238  241  244  247  248  248  248  246  242  234  228  220
  210  203  197  190  181  176  173  170  166  158  156  149  143  132  123  117
  109  104  102  100   99   98   97   98  100  103  103  103  102  100   99   96
   93   91   90   90   88   90   94  100  108  115  121  129  138  145  153  161
  169  176  184  192  200  208  216  223  228
    70.0-180.0 180.0   5.0 450.0                            LAT/LON1/LON2/DLON/H
  241  245  247  248  249  250  253  255  258  258  259  255  246  237  226  213
  201  190  181  174  168  165  162  161  161  153  149  146  140  134  123  116
  112  106  104  103  102   98   97   96   98   98   97   96   92   89   87   86
   82   80   78   77   78   80   85   93  103  112  122  132  142  151  161  169
  177  184  193  202  210  219  228  236  241
    67.5-180.0 180.0   5.0 450.0                            LAT/LON1/LON2/DLON/H
  252  256  259  259  259  259  261  263  265  267  265  260  251  239  224  208
  193  178  167  161  155  152  150  150  149  145  140  136  129  125  117  110
  108  104  102   99   98   95   93   91   90   89   87   84   80   77   73   70
   68   68   67   67   68   73   79   88   99  112  124  137  148  158  169  178
  186  194  202  211  219  230  238  247  252
    65.0-180.0 180.0   5.0 450.0                            LAT/LON1/LON2/DLON/H
  263  267  270  269  269  267  266  267  270  272  271  266  257  245  227  208
  191  173  161  153  146  142  139  140  136  132  126  121  115  109  104  100
   99   97   93   90   89   86   84   81   78   77   74   72   69   66   64   60
   58   59   59   59   62   67   75   86   99  115  130  145  158  170  180  190
  199  204  212  220  228  239  249  257  263
    62.5-180.0 180.0   5.0 450.0                            LAT/LON1/LON2/DLON/H
  275  280  284  282  279  274  272  271  273  275  275  271  262  251  233  212
  195  177  164  153  145  138  133  132  125  118  111  104   98   93   89   87
   87   87   84   82   80   75   74   71   67   66   65   64   63   62   60   56
   54   55   54   54   57   64   73   87  102  121  138  156  170  184  194  204
  212  218  223  230  238  249  260  268  275
    60.0-180.0 180.0   5.0 450.0                            LAT/LON1/LON2/DLON/H
  291  297  300  299  293  285  279  277  276  275  275  272  266  255  241  222
  207  190  177  163  153  144  134  127  117  108   99   90   84   80   79   79
   79   80   79   76   74   70   68   65   63   62   62   63   64   64   62   60
   57   56   55   55   58   65   75   91  108  129  149  169  184  199  209  221
  229  233  238  243  251  262  272  282  291
    57.5-180.0 180.0   5.0 450.0                            LAT/LON1/LON2/DLON/H
  309  316  320  319  311  301  294  286  280  277  275  272  269  260  247  234
  221  206  193  178  168  158  143  130  116  105   94   86   79   76   76   78
   78   79   80   77   75   71   69   67   66   66   68   70   71   71   70   68
   66   63   62   61   63   70   81   97  115  138  160  181  197  214  226  238
  246  251  255  259  267  276  287  299  309
    55.0-180.0 180.0   5.0 450.0                            LAT/LON1/LON2/DLON/H
  330  338  343  342  334  323  312  300  289  283  279  275  271  264  253  244
  233  221  209  196  184  171  155  139  122  111   99   90   84   81   81   84
   85   84   84   83   81   79   77   77   76   78   80   82   82   81   81   79
   78   74   71   71   72   78   89  105  124  148  170  190  207  224  239  251
  262  267  272  279  286  296  307  318  330
    52.5-180.0 180.0   5.0 450.0                            LAT/LON1/LON2/DLON/H
  352  361  367  367  360  349  334  321  306  296  288  280  274  268  260  251
  242  232  220  208  195  178  163  148  132  120  109   99   93   91   91   94
   95   93   94   93   92   91   91   91   92   94   95   96   95   93   92   93
   90   86   83   82   83   88   98  114  134  157  178  197  213  229  245  258
  271  280  289  298  307  317  328  340  352
    50.0-180.0 180.0   5.0 450.0                            LAT/LON1/LON2/DLON/H
  372  381  387  388  384  373  359  344  329  315  302  290  281  273  266  257
  248  238  226  213  200  182  170  156  143  133  122  113  107  104  104  106
  107  106  106  106  106  106  107  109  110  110  110  109  107  105  103  104
  100   97   94   92   93   97  108  124  144  166  185  203  218  231  247  262
  277  290  302  314  325  336  348  360  372
    47.5-180.0 180.0   5.0 450.0                            LAT/LON1/LON2/DLON/H
  385  394  399  402  400  393  383  369  354  338  320  304  293  283  275  264
  254  241  228  213  200  185  176  165  156  147  138  129  122  117  116  115
  117  117  117  118  119  121  123  124  125  125  123  121  117  114  111  110
  108  106  104  101  101  106  118  133  153  175  192  208  222  234  249  265
  280  297  313  326  338  350  363  374  385
    45.0-180.0 180.0   5.0 450.0                            LAT/LON1/LON2/DLON/H
  390  396  401  403  405  405  400  390  376  361  342  323  311  299  289  276
  263  246  231  214  200  188  181  175  169  162  152  142  134  127  123  121
  124  126  125  127  129  132  135  136  136  135  132  128  124  120  117  116
  114  114  112  111  111  117  128  145  164  185  201  216  228  239  252  268
  284  301  318  333  347  359  372  382  390
    42.5-180.0 180.0   5.0 450.0                            LAT/LON1/LON2/DLON/H
  389  392  394  397  402  405  406  402  393  381  363  345  331  320  308  292
  274  256  235  216  203  192  187  184  179  171  160  149  140  133  128  126
  127  131  131  131  135  138  141  142  141  140  137  132  128  124  122  121
  121  121  119  118  119  127  139  157  177  196  211  225  237  247  258  272
  287  303  319  335  349  362  375  383  389
    40.0-180.0 180.0   5.0 450.0                            LAT/LON1/LON2/DLON/H
  385  386  385  387  392  399  405  406  402  395  381  366  355  344  331  312
  291  268  244  223  208  197  194  190  185  174  160  148  140  135  131  128
  129  132  132  134  137  140  142  143  142  140  137  133  130  127  126  126
  126  125  123  122  125  133  147  166  187  207  222  235  247  258  267  279
  291  305  320  334  348  362  375  382  385
    37.5-180.0 180.0   5.0 450.0                            LAT/LON1/LON2/DLON/H
  387  387  383  383  386  392  402  406  407  403  395  385  377  368  353  335
  312  285  256  233  216  205  200  194  184  169  154  142  136  134  133  131
  131  132  136  138  140  142  142  142  141  139  136  134  133  132  131  131
  129  126  123  122  124  133  150  172  195  215  231  246  258  269  278  288
  298  310  322  334  349  364  376  384  387
    35.0-180.0 180.0   5.0 450.0                            LAT/LON1/LON2/DLON/H
  401  402  399  395  395  399  404  409  412  413  408  402  398  389  375  360
  335  305  272  247  225  213  205  194  179  161  144  135  133  136  139  140
  141  142  145  148  149  148  145  143  141  140  138  138  139  139  137  134
  129  122  117  115  117  129  148  174  199  222  239  257  271  283  293  302
  310  319  330  344  359  373  386  397  401
    32.5-180.0 180.0   5.0 450.0                            LAT/LON1/LON2/DLON/H
  433  438  438  434  427  426  426  426  426  426  422  418  414  408  397  382
  357  326  291  260  234  218  205  189  171  152  139  136  143  150  158  162
  163  163  164  166  164  163  155  150  145  143  143  145  146  145  142  135
  125  115  108  104  107  120  143  173  201  226  247  266  283  297  309  319
  327  337  349  364  381  395  410  423  433
    30.0-180.0 180.0   5.0 450.0                            LAT/LON1/LON2/DLON/H
  487  499  505  502  491  480  471  465  458  451  445  438  433  428  417  401
  377  345  306  269  239  216  198  182  165  152  146  156  172  187  197  201
  197  195  193  194  191  189  175  162  154  152  151  152  152  150  144  134
  121  108   98   93   95  110  136  170  201  229  252  272  292  310  325  339
  351  365  380  399  417  434  452  470  487
    27.5-180.0 180.0   5.0 450.0                            LAT/LON1/LON2/DLON/H
  559  583  599  597  584  567  551  532  515  498  483  468  457  448  437  418
  394  361  319  274  239  211  193  182  170  166  174  196  225  250  264  257
  249  236  232  229  223  217  198  179  167  163  161  159  156  151  142  129
  114  100   89   83   86  101  130  166  201  232  257  279  299  320  340  359
  381  400  425  446  468  490  510  535  559
    25.0-180.0 180.0   5.0 450.0                            LAT/LON1/LON2/DLON/H
  646  678  713  718  701  679  656  625  596  568  540  512  491  472  456  435
  409  373  328  280  241  212  199  193  192  202  224  260  298  328  344  327
  304  282  270  262  255  242  222  199  184  176  171  166  158  149  137  123
  107   92   81   75   79   95  126  164  202  235  261  285  306  329  353  381
  411  438  472  499  528  555  580  614  646
    22.5-180.0 180.0   5.0 450.0                            LAT/LON1/LON2/DLON/H
  730  778  820  842  832  814  781  742  700  663  618  571  536  508  481  459
  427  388  339  291  250  226  221  225  238  263  297  338  376  400  402  375
  340  315  302  290  281  261  241  217  200  189  181  171  158  144  130  115
  100   87   77   71   74   92  124  164  203  236  264  287  310  337  367  402
  439  476  518  553  589  621  651  688  730
    20.0-180.0 180.0   5.0 450.0                            LAT/LON1/LON2/DLON/H
  788  845  907  952  956  934  900  865  821  764  701  647  598  559  520  491
  453  410  357  311  272  258  265  283  312  347  386  426  448  453  433  398
  360  334  322  310  299  274  251  227  211  200  189  177  159  140  123  108
   95   84   75   70   74   92  125  166  206  239  264  288  313  346  382  422
  464  508  553  598  646  677  710  745  788
    17.5-180.0 180.0   5.0 450.0                            LAT/LON1/LON2/DLON/H
  810  870  945 1002 1028 1020 1001  978  932  868  795  731  671  623  574  536
  492  446  393  346  314  311  334  369  409  450  484  512  511  487  450  405
  366  340  328  317  304  277  251  230  219  212  202  188  161  137  118  102
   91   82   76   73   78   96  130  172  212  244  268  292  320  357  399  443
  487  532  575  622  672  712  742  771  810
    15.0-180.0 180.0   5.0 450.0                            LAT/LON1/LON2/DLON/H
  790  850  926  991 1035 1048 1044 1034 1005  946  877  811  747  697  642  596
  543  499  446  402  378  385  420  471  516  558  577  583  550  498  446  401
  363  334  322  308  294  269  244  229  222  219  211  193  161  134  112   98
   89   83   79   78   84  102  137  180  219  249  272  299  330  370  415  462
  506  549  585  627  671  708  735  756  790
    12.5-180.0 180.0   5.0 450.0                            LAT/LON1/LON2/DLON/H
  735  786  852  924  980 1012 1027 1032 1025  986  930  872  819  776  714  663
  611  566  517  481  463  477  522  571  609  639  635  609  551  481  425  385
  350  321  306  292  278  253  233  222  222  223  213  189  157  129  106   95
   89   86   82   81   89  109  143  186  223  251  275  303  338  381  430  479
  522  558  586  614  648  676  695  710  735
    10.0-180.0 180.0   5.0 450.0                            LAT/LON1/LON2/DLON/H
  660  693  752  820  881  929  960  981  997  982  945  904  870  838  787  731
  682  642  602  576  563  580  622  650  667  676  639  583  511  437  388  359
  330  304  289  275  262  238  220  213  217  217  202  177  147  121  103   95
   92   88   85   84   93  112  147  189  224  252  275  305  344  391  443  491
  533  561  580  597  618  634  644  650  660
     7.5-180.0 180.0   5.0 450.0                            LAT/LON1/LON2/DLON/H
  591  606  645  702  758  811  858  900  932  940  926  905  892  874  838  789
  746  714  685  667  661  675  698  699  691  663  597  525  449  386  350  332
  312  292  276  261  248  226  210  204  204  200  183  162  136  116  103   97
   93   88   84   84   93  113  148  188  224  251  277  309  351  400  452  500
  539  563  575  581  593  599  600  596  591
     5.0-180.0 180.0   5.0 450.0                            LAT/LON1/LON2/DLON/H
  545  541  559  598  645  694  745  797  840  869  876  873  878  877  856  822
  788  767  750  739  733  736  736  711  670  605  528  456  390  345  325  317
  307  290  272  256  243  221  205  196  189  182  167  149  129  115  105   98
   92   86   82   82   89  110  147  190  226  254  279  313  358  409  460  507
  543  566  575  579  583  583  576  562  545
     2.5-180.0 180.0   5.0 450.0                            LAT/LON1/LON2/DLON/H
  535  515  513  532  562  601  648  702  752  790  809  820  838  850  842  821
  799  786  780  769  754  740  718  671  604  524  450  394  347  323  318  322
  317  301  280  261  247  224  206  191  179  168  156  141  125  114  107   99
   91   84   80   78   84  107  147  192  229  256  281  316  363  413  463  506
  543  570  582  588  591  589  580  561  535
