examples/igsg2870.11i
     1.0            IONOSPHERE MAPS     MIX                 IONEX VERSION / TYPE
cmpcmb v1.2          GRL/UWM            25-oct-11 06:11     PGM / RUN BY / DATE 
ionex file containing IGS COMBINED Ionosphere maps          COMMENT             
global ionosphere maps for day 287, 2011                    DESCRIPTION         
IONEX file containing the COMBINED IGS TEC MAPS and DCBs    DESCRIPTION         
      IONEX files of the following IAACs were combined: cod DESCRIPTION         
                                                        esa DESCRIPTION         
                                                        jpl DESCRIPTION         
                                                        upc DESCRIPTION         
Contact address: Andrzej Krankowski                         DESCRIPTION
                 Geodynamics Research Laboratory            DESCRIPTION
                 University of Warmia and Mazury (GRL/UWM)  DESCRIPTION
                 Oczapowski St. 1                           DESCRIPTION
                 10-957-Olsztyn, POLAND                     DESCRIPTION
                 e-mail:  kand@uwm.edu.pl                   DESCRIPTION
                                                            DESCRIPTION         
  2011    10    14     0     0     0                        EPOCH OF FIRST MAP  
  2011    10    15     0     0     0                        EPOCH OF LAST MAP   
  7200                                                      INTERVAL            
    13                                                      # OF MAPS IN FILE   
  COSZ                                                      MAPPING FUNCTION    
     0.0                                                    ELEVATION CUTOFF    
combined TEC calculated as weighted mean of input TEC valuesOBSERVABLES USED    
   378                                                      # OF STATIONS       
    32                                                      # OF SATELLITES     
  6371.0                                                    BASE RADIUS         
     2                                                      MAP DIMENSION       
   450.0 450.0   0.0                                        HGT1 / HGT2 / DHGT  
    87.5 -87.5  -2.5                                        LAT1 / LAT2 / DLAT  
  -180.0 180.0   5.0                                        LON1 / LON2 / DLON  
    -1                                                      EXPONENT            
TEC values in 0.1 tec units;  9999, if no value available   COMMENT             
DCB values in nanoseconds, reference is Sum_of_SatDCBs = 0  COMMENT             
                                                            END OF HEADER       
[from data line 2574]
     7                                                      START OF TEC MAP    
  2011    10    14    12     0     0                        EPOCH OF CURRENT MAP
    87.5-180.0 180.0   5.0 450.0                            LAT/LON1/LON2/DLON/H
  112  111  112  111  112  110  110  110  110  111  110  110  110  110  110  110
  111  112  113  114  115  115  118  118  120  121  123  123  125  127  128  128
  130  131  132  134  134  134  134  134  134  134  134  132  132  130  129  128
  126  124  123  123  119  118  116  115  113  112  112  110  110  110  109  109
  110  109  110  110  110  112  112  112  112
    85.0-180.0 180.0   5.0 450.0                            LAT/LON1/LON2/DLON/H
  107  106  106  105  104  104  102  100  100   99   99   99   98   98   98  100
  101  101  102  104  106  108  111  114  117  119  124  128  131  135  139  141
  143  146  146  147  147  147  146  144  143  142  140  137  136  133  129  126
  124  123  121  119  117  114  111  108  105  102  101   99   98   98   98  100
  103  103  106  107  107  107  108  107  107
    82.5-180.0 180.0   5.0 450.0                            LAT/LON1/LON2/DLON/H
  103  100  100   98   96   95   92   91   89   88   86   86   85   85   85   86
   87   88   90   92   96   99  103  108  114  119  125  132  138  145  148  154
  157  161  163  164  165  164  162  159  156  153  148  145  140  136  131  127
  121  116  112  109  106  106  103   99   94   91   90   89   88   89   90   93
   96   99  100  102  103  103  103  103  103
    80.0-180.0 180.0   5.0 450.0                            LAT/LON1/LON2/DLON/H
  100   97   94   91   88   86   84   82   80   78   77   75   74   73   72   72
   72   74   76   79   85   92   97  105  114  122  131  139  147  156  163  170
  176  181  185  187  189  188  185  182  178  172  166  159  151  145  138  133
  127  122  115  109  106  103  100   96   91   88   86   85   85   86   88   90
   93   95   97   99  100  101  101  100  100
    77.5-180.0 180.0   5.0 450.0                            LAT/LON1/LON2/DLON/H
   96   92   89   85   83   80   77   74   72   69   68   67   67   66   65   66
   68   70   74   77   82   89   99  108  119  129  139  150  160  172  181  189
  196  203  207  209  210  210  207  204  199  193  187  179  170  161  153  147
  140  135  129  122  117  113  109  105  100   96   94   92   91   91   91   92
   93   94   96   97   97   99   98   96   96
    75.0-180.0 180.0   5.0 450.0                            LAT/LON1/LON2/DLON/H
   90   86   82   80   78   75   73   70   67   67   66   66   65   64   64   66
   68   72   76   81   89  100  110  119  132  145  159  172  183  195  206  215
  222  226  230  232  232  232  231  225  222  217  209  203  194  186  177  172
  164  158  151  143  137  134  128  124  119  114  110  105  103  101   99   98
   96   96   94   94   94   95   93   92   90
    72.5-180.0 180.0   5.0 450.0                            LAT/LON1/LON2/DLON/H
   85   81   79   77   74   72   70   68   66   65   65   64   65   66   66   71
   75   80   84   92  102  116  126  137  152  164  179  191  205  217  227  235
  243  248  250  251  253  252  249  248  244  240  235  229  221  213  205  201
  193  186  178  169  160  156  152  145  139  133  128  122  118  114  110  106
  102   98   95   93   91   89   88   87   85
    70.0-180.0 180.0   5.0 450.0                            LAT/LON1/LON2/DLON/H
   79   76   75   74   72   71   69   67   66   65   66   66   67   67   72   78
   82   87   95  105  117  130  143  156  170  184  198  211  224  233  243  251
  257  261  264  266  266  266  264  262  261  258  255  249  244  237  230  227
  221  211  202  193  184  177  170  162  154  148  141  134  129  123  117  111
  106  101   96   92   88   85   84   81   79
    67.5-180.0 180.0   5.0 450.0                            LAT/LON1/LON2/DLON/H
   74   71   70   69   68   68   67   67   66   66   66   66   67   69   74   79
   84   92  101  113  125  141  155  169  185  200  213  225  235  244  252  259
  264  268  271  272  273  273  273  271  270  270  268  265  262  255  250  245
  240  231  222  211  201  193  182  173  163  155  148  139  131  123  116  110
  104   99   94   90   86   82   79   76   74
    65.0-180.0 180.0   5.0 450.0                            LAT/LON1/LON2/DLON/H
   71   68   66   65   64   63   63   63   63   63   63   64   65   68   72   78
   83   92  102  114  129  145  161  177  192  206  218  229  239  247  256  263
  268  273  276  276  277  277  277  276  278  277  277  276  274  269  264  258
  251  243  234  223  210  199  186  176  164  155  145  134  126  117  110  104
  100   95   91   87   84   79   76   74   71
    62.5-180.0 180.0   5.0 450.0                            LAT/LON1/LON2/DLON/H
   70   67   64   62   61   59   59   58   58   57   57   59   60   62   68   73
   79   88   97  112  128  145  162  177  191  204  215  225  235  246  255  264
  273  277  279  281  281  280  279  280  282  283  282  283  282  279  276  269
  261  251  240  227  213  200  186  173  161  148  137  126  117  109  103   97
   93   90   87   85   82   78   75   73   70
    60.0-180.0 180.0   5.0 450.0                            LAT/LON1/LON2/DLON/H
   70   67   64   62   59   58   57   55   53   51   50   50   52   55   59   64
   71   79   89  105  121  139  156  171  184  196  207  217  228  242  254  267
  278  283  285  286  286  284  283  283  285  288  288  290  290  288  284  278
  269  257  244  230  214  198  183  169  157  143  130  120  112  104   98   94
   89   87   85   83   81   78   76   73   70
    57.5-180.0 180.0   5.0 450.0                            LAT/LON1/LON2/DLON/H
   73   69   66   63   60   59   57   55   52   49   47   46   46   48   51   55
   61   69   80   95  112  129  147  163  176  188  198  210  222  238  255  271
  285  292  294  292  291  290  289  289  291  294  296  298  298  297  293  286
  276  265  250  234  217  199  183  168  155  143  132  122  113  107  101   96
   92   89   87   85   83   80   78   76   73
    55.0-180.0 180.0   5.0 450.0                            LAT/LON1/LON2/DLON/H
   78   73   70   66   64   62   61   58   55   51   48   46   45   45   47   50
   54   61   71   86  105  123  141  157  171  183  193  205  221  238  259  278
  292  301  303  302  299  298  298  300  302  304  306  308  308  307  303  295
  287  274  257  241  224  206  187  172  161  150  141  132  124  117  111  104
  100   96   94   92   89   87   84   81   78
    52.5-180.0 180.0   5.0 450.0                            LAT/LON1/LON2/DLON/H
   87   81   78   74   71   70   68   65   62   58   54   51   49   48   48   49
   51   57   67   83  103  123  140  156  171  183  193  206  223  243  266  286
  300  309  313  314  311  311  312  315  316  317  319  320  320  318  315  307
  298  284  268  250  232  215  198  184  174  165  157  149  141  134  127  120
  114  110  108  106  102   98   94   90   87
    50.0-180.0 180.0   5.0 450.0                            LAT/LON1/LON2/DLON/H
   98   92   88   84   81   79   78   75   72   69   65   60   58   55   53   53
   54   58   69   86  105  127  145  162  176  187  197  211  228  249  273  293
  308  317  322  325  325  327  329  332  333  334  333  333  333  331  327  320
  310  297  279  261  243  226  210  198  189  181  175  168  161  154  147  140
  134  129  126  122  117  112  107  102   98
    47.5-180.0 180.0   5.0 450.0                            LAT/LON1/LON2/DLON/H
  111  104   99   97   93   91   88   86   84   82   77   73   70   66   63   61
   60   64   74   92  113  135  154  170  185  195  206  218  235  256  278  298
  312  322  329  333  338  343  346  349  350  350  348  348  347  345  340  333
  322  308  290  272  254  237  222  210  200  193  188  183  177  171  164  158
  151  147  144  138  133  126  119  115  111
    45.0-180.0 180.0   5.0 450.0                            LAT/LON1/LON2/DLON/H
  120  116  110  107  105  102   99   97   96   94   90   86   82   78   74   70
   69   72   83  102  124  146  165  181  194  204  214  226  241  261  280  297
  311  323  332  339  346  355  361  365  366  365  363  361  361  358  352  345
  332  317  299  282  264  246  229  216  204  196  191  187  183  178  173  169
  163  160  156  151  144  137  129  124  120
    42.5-180.0 180.0   5.0 450.0                            LAT/LON1/LON2/DLON/H
  125  123  118  115  112  109  107  106  105  103  101   97   92   88   84   79
   78   81   93  112  136  156  174  189  201  212  221  232  245  261  278  292
  306  319  331  342  353  364  374  380  382  382  379  377  376  372  364  355
  341  325  308  291  272  252  231  213  198  187  181  178  175  172  169  167
  164  163  160  156  149  142  135  129  125
    40.0-180.0 180.0   5.0 450.0                            LAT/LON1/LON2/DLON/H
  124  122  119  118  114  111  109  109  109  108  107  105  100   97   92   88
   86   89  102  121  144  164  179  194  205  216  226  235  246  260  272  285
  299  314  329  344  361  376  388  397  400  400  400  396  394  388  378  368
  354  339  322  304  283  259  233  208  189  174  166  162  158  156  155  156
  156  156  154  151  145  139  133  127  124
    37.5-180.0 180.0   5.0 450.0                            LAT/LON1/LON2/DLON/H
  116  114  113  113  111  107  106  107  109  109  108  107  105  103   99   94
   92   96  108  128  150  168  183  195  206  218  228  237  247  258  268  280
  295  313  332  353  374  393  408  417  422  425  425  422  419  411  399  390
  377  365  347  328  304  275  244  213  187  169  158  150  144  141  142  143
  145  145  144  140  134  130  124  118  116
    35.0-180.0 180.0   5.0 450.0                            LAT/LON1/LON2/DLON/H
  103  100  100  102  101   98   98  100  104  106  106  106  106  105  103   98
   96  100  112  132  155  172  184  195  206  218  229  239  249  260  271  282
  298  319  344  372  397  418  434  445  453  457  458  456  452  447  438  426
  417  405  387  368  342  311  275  238  207  185  170  159  148  142  140  140
  141  139  136  131  125  119  113  105  103
    32.5-180.0 180.0   5.0 450.0                            LAT/LON1/LON2/DLON/H
   89   84   84   87   87   86   88   92   96  100  101  103  104  106  104  101
   99  103  115  137  158  174  186  195  206  220  231  243  255  268  281  294
  312  337  367  401  430  451  466  478  492  505  508  506  502  501  499  481
  472  463  449  433  407  375  338  296  260  233  215  197  180  168  160  156
  153  147  142  133  124  115  104   94   89
    30.0-180.0 180.0   5.0 450.0                            LAT/LON1/LON2/DLON/H
   80   72   70   71   72   74   78   83   89   94   96   98  101  104  105  102
  101  106  119  141  162  177  189  199  210  223  236  250  265  280  296  314
  336  366  402  441  475  503  511  523  543  563  568  568  568  570  569  560
  553  549  538  525  506  469  432  388  347  314  291  265  241  221  206  196
  186  176  166  154  140  125  108   91   80
    27.5-180.0 180.0   5.0 450.0                            LAT/LON1/LON2/DLON/H
   84   70   63   61   62   64   69   76   83   88   91   94   97  102  104  102
  102  108  124  146  167  184  195  205  216  229  243  261  279  298  318  342
  369  405  446  492  531  560  561  572  603  624  637  639  639  648  658  655
  659  660  647  637  623  586  547  500  455  417  392  364  329  299  276  260
  241  226  212  194  177  156  131  103   84
    25.0-180.0 180.0   5.0 450.0                            LAT/LON1/LON2/DLON/H
  109   82   69   62   60   61   65   72   80   85   88   90   93   98  101  100
  102  110  129  152  173  190  204  213  224  237  252  273  296  321  347  374
  407  446  500  551  594  613  613  622  653  676  700  711  718  730  749  761
  777  779  765  746  734  700  660  609  561  523  497  467  427  392  361  339
  313  294  276  252  234  206  173  138  109
    22.5-180.0 180.0   5.0 450.0                            LAT/LON1/LON2/DLON/H
  150  113   89   76   67   64   66   72   79   84   86   87   89   93   96   97
  100  111  132  158  181  199  212  223  234  248  264  287  317  348  380  410
  447  494  550  608  648  654  656  665  686  720  756  773  784  801  829  852
  871  873  855  841  819  785  741  685  636  599  571  542  508  473  442  419
  392  372  348  320  300  269  232  186  150
    20.0-180.0 180.0   5.0 450.0                            LAT/LON1/LON2/DLON/H
  202  155  123   99   82   74   72   76   81   84   85   84   85   88   91   93
   97  111  135  164  190  208  222  234  246  261  279  303  338  376  412  445
  484  534  594  654  689  686  689  696  713  751  791  813  827  847  875  900
  915  915  903  883  856  819  767  707  656  618  587  560  537  511  493  477
  459  441  414  391  366  334  296  243  202
    17.5-180.0 180.0   5.0 450.0                            LAT/LON1/LON2/DLON/H
  254  202  163  132  105   88   80   81   84   85   84   82   82   83   85   88
   94  110  137  170  198  216  231  243  257  274  293  321  357  400  440  476
  516  565  622  676  702  701  703  710  731  769  806  829  841  857  879  904
  912  909  897  875  845  803  746  679  623  579  549  524  510  496  496  495
  491  481  463  444  418  389  349  297  254
    15.0-180.0 180.0   5.0 450.0                            LAT/LON1/LON2/DLON/H
  297  245  206  167  133  106   91   87   87   87   83   80   79   80   81   83
   90  107  138  174  204  224  237  251  267  286  308  338  375  421  464  500
  538  583  632  675  696  701  704  714  739  774  805  821  829  836  845  866
  870  865  853  832  801  759  697  624  559  511  479  459  448  446  463  477
  485  487  480  465  448  425  392  340  297
    12.5-180.0 180.0   5.0 450.0                            LAT/LON1/LON2/DLON/H
  332  283  239  198  159  124  103   94   91   89   84   79   77   78   79   80
   87  105  139  176  208  229  243  259  278  301  325  356  395  439  480  519
  553  589  628  663  682  690  697  714  743  772  791  798  796  790  792  801
  808  803  794  775  745  701  636  557  485  437  407  390  378  384  410  438
  460  470  470  461  451  437  412  372  332
    10.0-180.0 180.0   5.0 450.0                            LAT/LON1/LON2/DLON/H
  348  306  265  223  182  145  118  104   98   94   87   81   78   79   79   80
   86  105  139  178  211  234  251  270  293  317  343  376  415  457  497  529
  558  588  619  645  665  678  694  717  744  763  769  764  752  738  734  738
  745  743  737  722  695  651  583  503  429  381  352  337  327  333  362  393
  427  445  449  443  438  432  416  382  348
     7.5-180.0 180.0   5.0 450.0                            LAT/LON1/LON2/DLON/H
  348  313  277  239  199  161  135  118  109  101   93   86   83   83   82   82
   88  108  143  183  216  243  262  285  310  337  364  398  436  476  512  540
  564  587  611  633  653  672  696  723  745  753  748  733  712  694  687  689
  694  698  697  689  669  626  558  480  409  361  334  319  305  305  327  364
  398  421  427  421  417  416  405  378  348
     5.0-180.0 180.0   5.0 450.0                            LAT/LON1/LON2/DLON/H
  338  310  280  246  210  176  151  133  121  110  100   94   91   90   89   87
   93  115  150  190  225  253  277  303  331  358  385  419  455  491  524  549
  570  588  608  627  647  672  703  732  748  748  734  712  690  673  666  664
  669  679  686  687  673  632  568  493  425  382  359  342  321  307  322  356
  388  406  410  403  398  396  387  363  338
     2.5-180.0 180.0   5.0 450.0                            LAT/LON1/LON2/DLON/H
  325  301  278  249  217  188  166  148  133  120  109  102   99   98   96   95
  102  125  160  199  235  266  293  321  351  379  407  437  469  503  532  556
  575  593  610  627  648  677  711  739  752  744  726  705  688  676  669  667
  674  687  701  706  701  662  603  531  470  435  419  397  369  346  348  373
  394  405  403  392  383  378  368  346  325
