examples/igsg2860.11i
     1.0            IONOSPHERE MAPS     MIX                 IONEX VERSION / TYPE
cmpcmb v1.2          GRL/UWM            25-oct-11 06:06     PGM / RUN BY / DATE 
ionex file containing IGS COMBINED Ionosphere maps          COMMENT             
global ionosphere maps for day 286, 2011                    DESCRIPTION         
IONEX file containing the COMBINED IGS TEC MAPS and DCBs    DESCRIPTION         
      IONEX files of the following IAACs were combined: cod DESCRIPTION         
                                                        esa DESCRIPTION         
                                                        jpl DESCRIPTION         
                                                        upc DESCRIPTION         
Contact address: Andrzej Krankowski                         DESCRIPTION
                 Geodynamics Research Laboratory            DESCRIPTION
                 University of Warmia and Mazury (GRL/UWM)  DESCRIPTION
                 Oczapowski St. 1                           DESCRIPTION
                 10-957-Olsztyn, POLAND                     DESCRIPTION
                 e-mail:  kand@uwm.edu.pl                   DESCRIPTION
                                                            DESCRIPTION         
  2011    10    13     0     0     0                        EPOCH OF FIRST MAP  
  2011    10    14     0     0     0                        EPOCH OF LAST MAP   
  7200                                                      INTERVAL            
    13                                                      # OF MAPS IN FILE   
  COSZ                                                      MAPPING FUNCTION    
     0.0                                                    ELEVATION CUTOFF    
combined TEC calculated as weighted mean of input TEC valuesOBSERVABLES USED    
   371                                                      # OF STATIONS       
    32                                                      # OF SATELLITES     
  6371.0                                                    BASE RADIUS         
     2                                                      MAP DIMENSION       
   450.0 450.0   0.0                                        HGT1 / HGT2 / DHGT  
    87.5 -87.5  -2.5                                        LAT1 / LAT2 / DLAT  
  -180.0 180.0   5.0                                        LON1 / LON2 / DLON  
    -1                                                      EXPONENT            
TEC values in 0.1 tec units;  9999, if no value available   COMMENT             
DCB values in nanoseconds, reference is Sum_of_SatDCBs = 0  COMMENT             
                                                            END OF HEADER       
[from data line 429]
     2                                                      START OF TEC MAP    
  2011    10    13     2     0     0                        EPOCH OF CURRENT MAP
    87.5-180.0 180.0   5.0 450.0                            LAT/LON1/LON2/DLON/H
  135  135  135  135  135  135  135  134  134  134  133  132  132  132  131  130
  129  128  127  126  125  124  123  121  119  118  116  114  113  112  111  110
  109  108  107  107  107  107  107  107  107  107  108  109  110  110  112  113
  114  116  117  118  120  121  123  124  125  126  127  129  129  130  131  131
  132  132  133  133  134  134  134  135  135
    85.0-180.0 180.0   5.0 450.0                            LAT/LON1/LON2/DLON/H
  152  152  152  151  151  150  150  150  149  148  148  147  146  145  144  143
  142  140  138  136  134  131  128  125  121  117  114  111  108  106  103  101
   99   97   96   95   95   95   96   96   98   99  101  103  105  107  110  112
  114  116  119  121  124  128  130  133  135  137  139  140  142  143  145  146
  147  149  151  152  153  152  153  153  152
    82.5-180.0 180.0   5.0 450.0                            LAT/LON1/LON2/DLON/H
  170  169  167  167  167  165  164  163  162  161  160  160  159  159  158  158
  156  156  153  151  146  142  137  130  125  121  115  110  105  101   97   93
   90   87   86   84   84   85   86   88   91   94   97  100  103  107  111  115
  118  121  125  129  133  137  140  144  148  150  153  155  158  161  163  167
  170  172  172  173  172  172  171  170  170
    80.0-180.0 180.0   5.0 450.0                            LAT/LON1/LON2/DLON/H
  191  190  188  186  183  180  178  176  174  174  172  172  171  171  170  170
  170  168  166  164  160  158  149  138  132  126  120  113  106   99   94   88
   83   79   78   77   78   80   83   86   90   93   97  101  105  109  113  117
  121  125  129  134  139  144  148  153  158  162  166  170  175  179  184  188
  191  193  193  194  194  194  192  193  191
    77.5-180.0 180.0   5.0 450.0                            LAT/LON1/LON2/DLON/H
  213  210  207  203  199  195  192  189  185  181  179  179  178  178  176  176
  176  175  175  173  169  165  158  151  146  137  128  117  107   97   90   85
   80   76   75   75   75   77   81   86   91   95   99  103  107  111  114  117
  121  126  130  135  141  147  153  160  165  172  178  184  191  198  203  207
  211  213  214  215  216  216  216  215  213
    75.0-180.0 180.0   5.0 450.0                            LAT/LON1/LON2/DLON/H
  233  230  226  220  216  210  205  199  192  187  183  180  177  176  175  174
  174  173  170  171  167  166  164  157  150  143  133  121  111  100   92   82
   77   74   73   74   76   79   83   87   92   97  101  104  107  109  112  114
  117  121  127  132  139  147  155  164  172  180  188  197  205  211  217  222
  227  230  232  234  235  236  237  235  233
    72.5-180.0 180.0   5.0 450.0                            LAT/LON1/LON2/DLON/H
  251  248  243  238  231  224  216  208  200  191  184  179  174  169  165  162
  159  160  160  160  160  163  163  158  152  145  134  125  114  101   94   85
   79   76   75   77   80   82   85   89   93   96   98   99  100  101  102  104
  107  112  118  126  136  145  155  167  177  187  196  207  215  222  228  234
  239  242  245  248  249  251  252  251  251
    70.0-180.0 180.0   5.0 450.0                            LAT/LON1/LON2/DLON/H
  263  261  257  252  246  237  228  219  207  197  187  178  169  159  150  145
  143  141  141  144  148  153  155  153  149  144  134  125  116  105   97   89
   83   79   79   82   84   86   87   89   90   90   89   89   86   86   87   90
   94  100  109  119  131  144  156  170  184  195  206  216  224  231  237  241
  245  249  251  255  258  261  262  263  263
    67.5-180.0 180.0   5.0 450.0                            LAT/LON1/LON2/DLON/H
  272  272  269  264  257  248  238  227  217  204  190  177  163  150  139  130
  124  120  121  124  131  139  143  144  141  136  129  120  113  105   98   92
   86   82   82   84   85   85   85   85   83   80   78   75   71   70   70   75
   81   90  101  114  128  143  160  175  191  204  215  226  233  239  243  246
  249  251  254  258  262  266  269  272  272
    65.0-180.0 180.0   5.0 450.0                            LAT/LON1/LON2/DLON/H
  280  280  278  272  264  256  245  235  224  212  196  180  163  147  132  119
  109  104  104  108  115  123  128  131  127  122  117  110  105  100   95   90
   85   80   78   81   79   78   76   75   73   69   65   61   59   57   58   63
   71   82   96  111  129  146  165  184  200  215  226  235  241  247  249  252
  252  253  255  260  264  269  273  278  280
    62.5-180.0 180.0   5.0 450.0                            LAT/LON1/LON2/DLON/H
  287  288  285  279  270  261  250  239  228  216  203  188  170  152  133  116
  104   97   95   99  105  111  114  116  111  106  102   97   94   90   87   84
   79   76   75   75   72   70   68   65   63   59   56   53   51   50   51   57
   66   79   95  113  132  153  172  194  211  225  236  245  250  255  257  258
  258  258  260  263  268  274  279  284  287
    60.0-180.0 180.0   5.0 450.0                            LAT/LON1/LON2/DLON/H
  297  297  293  286  277  265  253  242  231  220  208  196  179  160  139  122
  109  101   97   98  101  105  107  104   96   90   86   81   80   77   77   74
   72   72   70   70   68   65   63   61   59   56   54   52   51   50   52   58
   67   82  100  121  141  163  183  205  222  236  247  255  261  266  269  270
  269  269  270  272  278  284  288  293  297
    57.5-180.0 180.0   5.0 450.0                            LAT/LON1/LON2/DLON/H
  310  309  305  297  286  272  257  243  232  221  211  201  187  170  152  135
  122  113  107  105  104  105  104   98   88   81   74   69   67   65   67   67
   68   70   69   69   68   65   64   64   62   61   60   59   57   56   58   63
   74   89  109  130  151  174  194  215  232  245  256  266  274  280  284  287
  287  287  288  291  296  299  303  307  310
    55.0-180.0 180.0   5.0 450.0                            LAT/LON1/LON2/DLON/H
  326  324  320  311  298  281  262  246  232  221  212  203  193  179  165  150
  138  128  121  116  113  110  105   97   86   77   69   63   61   62   64   65
   68   71   72   73   72   71   72   73   73   73   72   70   68   66   67   72
   82   98  118  139  161  181  201  221  238  251  262  275  286  294  301  306
  310  312  313  315  317  320  322  324  326
    52.5-180.0 180.0   5.0 450.0                            LAT/LON1/LON2/DLON/H
  341  340  335  325  311  291  270  251  234  222  211  203  195  185  172  160
  149  140  132  126  121  115  108   99   88   80   72   66   64   64   67   68
   72   75   78   80   81   83   85   87   88   89   88   85   81   78   78   81
   90  106  126  148  169  187  207  223  240  255  266  281  296  307  317  327
  333  338  340  341  341  340  342  342  341
    50.0-180.0 180.0   5.0 450.0                            LAT/LON1/LON2/DLON/H
  354  352  347  339  325  304  282  260  240  224  212  203  195  186  175  164
  155  147  139  131  124  117  109  102   94   88   82   77   73   72   74   75
   78   83   87   90   93   97  100  103  105  105  103   99   93   89   86   89
   98  113  133  156  176  195  212  227  243  259  272  287  304  319  332  345
  354  362  365  365  362  359  358  356  354
    47.5-180.0 180.0   5.0 450.0                            LAT/LON1/LON2/DLON/H
  363  358  353  346  333  316  295  271  248  228  213  202  193  183  174  163
  156  149  141  133  125  118  111  107  104  100   96   92   87   84   85   85
   88   93   97  101  106  111  115  117  119  119  116  111  104   97   93   96
  105  121  142  165  184  203  220  235  250  265  280  295  312  328  344  359
  371  379  384  383  380  374  370  365  363
    45.0-180.0 180.0   5.0 450.0                            LAT/LON1/LON2/DLON/H
  364  358  352  346  338  324  306  283  258  236  218  204  192  179  169  159
  151  145  139  132  126  119  115  114  115  114  111  106  102   97   96   95
   98  102  107  112  117  122  127  129  130  129  125  118  110  103   99  102
  113  131  154  175  196  215  231  246  261  276  290  304  319  335  351  367
  380  389  395  395  392  386  379  371  364
    42.5-180.0 180.0   5.0 450.0                            LAT/LON1/LON2/DLON/H
  365  355  347  341  336  327  313  293  270  248  227  210  193  178  165  154
  145  140  136  132  128  122  121  123  126  126  123  119  114  107  106  105
  106  110  114  119  124  130  134  137  137  135  130  123  115  107  104  109
  123  143  166  189  209  228  244  260  275  289  301  313  325  339  354  371
  385  396  402  404  402  395  387  375  365
    40.0-180.0 180.0   5.0 450.0                            LAT/LON1/LON2/DLON/H
  371  356  343  335  331  325  316  299  280  259  239  220  201  180  164  150
  142  138  136  135  131  128  129  133  136  136  131  126  121  115  113  112
  113  116  120  124  130  135  138  140  140  138  133  126  118  111  111  118
  134  157  179  202  222  241  256  273  288  301  311  320  330  343  356  372
  386  399  408  413  413  408  398  386  371
    37.5-180.0 180.0   5.0 450.0                            LAT/LON1/LON2/DLON/H
  390  371  351  338  332  328  319  306  289  273  255  234  214  189  169  153
  144  140  141  142  138  137  139  142  144  141  134  129  124  121  120  118
  119  121  124  128  133  137  140  142  142  139  134  128  121  117  118  128
  146  167  191  214  233  251  267  285  300  312  321  328  337  348  362  377
  392  407  420  428  433  431  424  412  390
    35.0-180.0 180.0   5.0 450.0                            LAT/LON1/LON2/DLON/H
  434  406  380  360  346  337  326  312  299  286  270  251  228  203  180  161
  150  147  148  148  147  146  147  148  146  140  132  127  125  127  127  127
  127  128  130  134  137  139  141  142  142  140  136  130  125  122  124  136
  154  176  199  221  240  258  275  294  310  322  330  338  347  360  374  391
  408  426  444  458  469  472  470  458  434
    32.5-180.0 180.0   5.0 450.0                            LAT/LON1/LON2/DLON/H
  503  471  438  407  383  361  343  324  310  298  286  269  247  221  194  172
  159  154  153  153  153  151  151  150  145  136  128  125  129  136  140  141
  141  141  142  144  144  144  145  145  145  144  139  132  127  125  127  138
  157  180  203  224  241  260  279  300  318  330  341  351  365  381  399  418
  439  461  486  504  521  534  537  528  503
    30.0-180.0 180.0   5.0 450.0                            LAT/LON1/LON2/DLON/H
  597  564  526  485  446  411  379  350  330  316  304  288  267  238  209  182
  166  159  155  154  153  151  150  148  141  132  127  129  140  155  163  166
  164  162  161  160  158  155  154  152  151  148  140  132  126  123  125  136
  155  178  201  221  238  257  279  302  322  339  355  370  389  412  435  459
  488  513  545  568  593  616  626  621  597
    27.5-180.0 180.0   5.0 450.0                            LAT/LON1/LON2/DLON/H
  708  686  643  592  538  485  436  392  362  342  327  311  288  256  224  193
  172  160  153  148  146  145  146  147  143  136  135  144  164  184  195  201
  200  192  187  183  177  171  166  162  157  150  140  130  122  118  119  130
  149  172  195  215  233  253  279  304  328  349  372  394  421  449  478  511
  545  575  618  645  678  708  723  723  708
    25.0-180.0 180.0   5.0 450.0                            LAT/LON1/LON2/DLON/H
  825  808  773  723  654  584  515  455  411  381  361  338  311  278  242  207
  177  160  148  141  137  138  144  152  156  157  159  175  202  227  241  249
  246  229  218  210  199  188  178  170  162  152  139  126  115  109  111  122
  141  164  187  208  230  254  283  312  338  364  392  421  455  489  524  566
  603  640  686  719  766  798  821  832  825
    22.5-180.0 180.0   5.0 450.0                            LAT/LON1/LON2/DLON/H
  918  918  896  854  781  696  611  536  478  439  406  378  344  307  266  225
  189  164  147  138  134  138  150  168  183  193  203  222  253  281  293  299
  289  268  249  235  219  201  187  174  162  148  134  119  108  100  102  113
  132  157  181  205  230  258  290  323  353  382  416  451  489  527  566  615
  651  690  733  774  825  864  896  914  918
    20.0-180.0 180.0   5.0 450.0                            LAT/LON1/LON2/DLON/H
  965  983  985  956  895  811  716  640  570  516  469  431  389  346  299  253
  212  181  160  147  143  152  172  197  222  241  258  280  313  335  344  340
  323  298  274  255  232  209  189  172  158  143  127  112  100   93   94  104
  125  151  179  206  234  266  302  338  372  405  442  482  519  556  595  638
  674  708  749  791  835  882  922  948  965
    17.5-180.0 180.0   5.0 450.0                            LAT/LON1/LON2/DLON/H
  958  990 1017 1010  970  898  818  746  673  609  547  498  448  400  347  299
  252  222  195  179  175  186  208  238  269  295  318  341  368  384  384  368
  346  316  287  261  234  207  184  166  151  135  119  105   94   87   88  100
  122  151  183  213  243  278  319  359  395  430  470  511  545  576  606  635
  664  693  726  762  803  846  886  923  958
    15.0-180.0 180.0   5.0 450.0                            LAT/LON1/LON2/DLON/H
  899  947  985 1012  998  948  888  831  770  700  633  574  522  472  413  363
  318  287  258  244  238  246  265  294  327  358  382  400  417  419  408  383
  351  317  284  255  225  197  174  157  142  128  113  100   90   84   86   98
  123  156  192  225  258  294  337  379  416  451  493  534  566  589  607  621
  640  662  683  705  733  766  809  853  899
    12.5-180.0 180.0   5.0 450.0                            LAT/LON1/LON2/DLON/H
  803  856  916  963  972  947  911  878  838  779  713  649  592  549  497  444
  405  374  345  334  327  331  339  359  392  427  445  454  451  438  415  378
  340  302  269  240  211  186  164  148  136  123  110   99   91   86   88  101
  129  165  202  237  270  307  349  392  429  466  508  548  578  596  605  609
  617  630  638  645  658  681  717  760  803
    10.0-180.0 180.0   5.0 450.0                            LAT/LON1/LON2/DLON/H
  706  754  814  874  898  900  891  882  865  821  760  703  660  621  587  539
  503  474  449  444  432  425  418  424  456  488  495  486  467  439  405  358
  316  278  247  221  194  173  155  142  131  121  110  101   95   91   93  107
  134  172  210  244  276  312  355  396  433  470  513  553  584  599  605  603
  604  606  605  600  600  611  637  669  706
     7.5-180.0 180.0   5.0 450.0                            LAT/LON1/LON2/DLON/H
  625  663  716  770  802  822  835  852  852  828  780  734  701  675  653  621
  594  573  556  557  540  519  495  483  500  520  517  493  464  425  384  333
  290  254  226  203  181  163  148  138  130  121  115  108  102   97  100  113
  138  175  212  246  277  313  353  393  431  468  511  552  585  604  613  610
  607  603  595  582  572  573  584  601  625
     5.0-180.0 180.0   5.0 450.0                            LAT/LON1/LON2/DLON/H
  578  602  643  684  713  737  766  796  811  799  766  733  711  695  680  663
  649  637  634  638  624  592  555  526  520  520  507  479  447  405  361  309
  266  234  209  189  170  155  144  137  130  126  121  115  107  103  104  115
  139  174  210  241  275  309  347  387  424  461  502  546  584  611  626  630
  628  624  613  596  581  574  570  570  578
     2.5-180.0 180.0   5.0 450.0                            LAT/LON1/LON2/DLON/H
  575  582  607  633  652  672  704  739  758  752  728  704  690  680  668  658
  653  652  657  665  659  628  584  541  513  494  476  453  424  383  341  290
  252  223  201  181  164  152  143  138  134  131  126  118  110  105  106  115
  137  170  203  236  267  302  340  377  414  450  491  534  578  615  640  654
  660  660  651  635  619  607  596  582  575
