examples/igsg2820.11i
     1.0            IONOSPHERE MAPS     MIX                 IONEX VERSION / TYPE
cmpcmb v1.2          GRL/UWM            25-oct-11 05:43     PGM / RUN BY / DATE 
ionex file containing IGS COMBINED Ionosphere maps          COMMENT             
global ionosphere maps for day 282, 2011                    DESCRIPTION         
IONEX file containing the COMBINED IGS TEC MAPS and DCBs    DESCRIPTION         
      IONEX files of the following IAACs were combined: cod DESCRIPTION         
                                                        esa DESCRIPTION         
                                                        jpl DESCRIPTION         
                                                        upc DESCRIPTION         
Contact address: Andrzej Krankowski                         DESCRIPTION
                 Geodynamics Research Laboratory            DESCRIPTION
                 University of Warmia and Mazury (GRL/UWM)  DESCRIPTION
                 Oczapowski St. 1                           DESCRIPTION
                 10-957-Olsztyn, POLAND                     DESCRIPTION
                 e-mail:  kand@uwm.edu.pl                   DESCRIPTION
                                                            DESCRIPTION         
  2011    10     9     0     0     0                        EPOCH OF FIRST MAP  
  2011    10    10     0     0     0                        EPOCH OF LAST MAP   
  7200                                                      INTERVAL            
    13                                                      # OF MAPS IN FILE   
  COSZ                                                      MAPPING FUNCTION    
     0.0                                                    ELEVATION CUTOFF    
combined TEC calculated as weighted mean of input TEC valuesOBSERVABLES USED    
   371                                                      # OF STATIONS       
    32                                                      # OF SATELLITES     
  6371.0                                                    BASE RADIUS         
     2                                                      MAP DIMENSION       
   450.0 450.0   0.0                                        HGT1 / HGT2 / DHGT  
    87.5 -87.5  -2.5                                        LAT1 / LAT2 / DLAT  
  -180.0 180.0   5.0                                        LON1 / LON2 / DLON  
    -1                                                      EXPONENT            
TEC values in 0.1 tec units;  9999, if no value available   COMMENT             
DCB values in nanoseconds, reference is Sum_of_SatDCBs = 0  COMMENT             
                                                            END OF HEADER       
[from data line 1716]
     5                                                      START OF TEC MAP    
  2011    10     9     8     0     0                        EPOCH OF CURRENT MAP
    87.5-180.0 180.0   5.0 450.0                            LAT/LON1/LON2/DLON/H
  122  123  125  127  128  131  132  133  134  135  136  138  138  139  139  140
  140  140  140  141  141  141  141  141  140  140  139  138  138  138  137  137
  136  136  136  135  134  134  134  133  132  131  131  129  129  128  127  125
  124  123  122  120  119  118  117  115  114  113  113  112  112  111  111  112
  112  113  113  114  115  116  118  119  122
    85.0-180.0 180.0   5.0 450.0                            LAT/LON1/LON2/DLON/H
  115  118  123  127  131  134  138  140  143  144  145  146  145  144  144  143
  142  141  141  141  141  140  140  139  138  137  136  136  135  136  136  137
  137  138  138  138  138  139  139  138  138  138  137  136  135  133  131  129
  126  123  120  118  115  111  109  105  102   99   97   94   92   91   90   90
   90   92   93   96   99  102  106  110  115
    82.5-180.0 180.0   5.0 450.0                            LAT/LON1/LON2/DLON/H
  109  116  123  128  133  137  140  143  144  146  146  145  144  143  142  139
  136  134  131  127  127  127  127  125  122  123  124  122  124  123  124  125
  126  127  129  131  134  137  140  143  144  145  146  145  145  143  142  139
  137  133  129  125  120  114  109  103   98   92   88   84   80   76   74   73
   73   75   77   81   86   91   96  102  109
    80.0-180.0 180.0   5.0 450.0                            LAT/LON1/LON2/DLON/H
  104  112  119  125  131  136  139  142  143  145  145  142  139  135  130  125
  121  117  112  109  108  105  106  101   99   99  100  101  104  107  108  112
  115  118  122  127  133  138  143  147  153  157  159  160  161  160  160  157
  155  152  148  142  136  130  122  114  106   98   91   85   79   73   69   66
   66   67   69   73   77   83   89   97  104
    77.5-180.0 180.0   5.0 450.0                            LAT/LON1/LON2/DLON/H
  101  109  117  124  131  137  143  147  146  144  141  137  132  127  120  111
  103   97   90   87   84   78   75   78   79   78   81   82   86   88   91   95
   99  105  112  120  126  134  143  152  160  167  173  178  182  183  183  183
  180  180  177  171  166  158  148  138  128  117  108  100   91   83   77   73
   71   71   71   74   77   81   87   94  101
    75.0-180.0 180.0   5.0 450.0                            LAT/LON1/LON2/DLON/H
  100  108  116  124  131  138  143  145  145  142  137  131  123  113  103   93
   84   78   71   69   62   64   60   60   65   65   66   67   73   76   78   83
   88   94  101  108  119  129  139  151  163  174  183  193  199  204  206  208
  208  209  208  205  201  195  182  172  161  150  138  126  117  108  100   94
   90   87   85   85   85   86   89   94  100
    72.5-180.0 180.0   5.0 450.0                            LAT/LON1/LON2/DLON/H
  100  106  114  121  130  136  140  142  142  139  132  123  114  104   92   80
   70   62   60   53   53   52   52   53   57   60   61   63   66   71   74   78
   82   89   97  105  114  126  137  151  166  179  192  202  210  218  224  229
  231  233  235  234  233  228  221  211  202  189  177  164  154  143  133  125
  118  111  106  102   98   96   95   97  100
    70.0-180.0 180.0   5.0 450.0                            LAT/LON1/LON2/DLON/H
  102  105  110  118  125  130  134  136  137  135  128  118  108   96   81   71
   62   56   52   49   50   50   52   55   59   61   64   66   69   72   75   79
   84   88   96  105  113  125  138  152  167  181  194  205  216  225  234  241
  247  251  254  256  257  255  251  246  237  228  216  205  194  183  170  160
  151  140  132  124  114  108  103  100  102
    67.5-180.0 180.0   5.0 450.0                            LAT/LON1/LON2/DLON/H
  102  103  107  113  119  124  128  131  132  131  124  113  104   92   80   71
   61   56   53   52   53   55   58   62   67   69   70   74   75   76   80   83
   87   91   98  106  115  126  140  153  168  181  193  206  217  227  236  246
  256  262  268  271  273  274  272  270  264  257  248  237  227  215  204  193
  181  169  157  145  131  119  110  105  102
    65.0-180.0 180.0   5.0 450.0                            LAT/LON1/LON2/DLON/H
  104  102  103  107  111  115  119  124  126  125  119  112  104   97   86   77
   69   63   60   59   61   63   67   72   77   79   79   81   83   82   83   86
   89   95  101  109  119  129  141  155  168  180  193  205  216  226  237  247
  258  267  274  279  283  286  286  284  279  274  266  257  247  236  225  215
  204  191  179  165  147  134  119  110  104
    62.5-180.0 180.0   5.0 450.0                            LAT/LON1/LON2/DLON/H
  107  100   98   98  101  104  109  114  118  118  117  113  107  100   92   85
   79   73   71   69   70   73   76   81   85   87   86   85   85   84   85   88
   91   97  107  116  126  135  145  157  169  181  192  204  216  227  237  249
  261  270  279  284  290  293  295  292  289  282  274  265  256  247  237  228
  218  207  194  178  163  148  131  118  107
    60.0-180.0 180.0   5.0 450.0                            LAT/LON1/LON2/DLON/H
  112  102   95   92   92   93   97  103  108  111  112  110  108  102   97   92
   87   84   81   77   78   79   84   86   90   91   89   85   83   82   83   88
   94  102  113  123  133  141  151  161  172  184  195  206  219  231  243  254
  266  276  284  291  296  300  300  297  293  286  279  270  262  253  244  236
  226  217  204  191  176  160  142  125  112
    57.5-180.0 180.0   5.0 450.0                            LAT/LON1/LON2/DLON/H
  119  106   97   91   87   86   88   92   97  102  104  105  106  102  100   97
   95   91   87   82   80   81   84   87   88   88   85   79   77   77   81   87
   96  107  119  130  141  150  159  167  177  189  201  214  227  241  252  265
  277  287  296  303  306  308  307  303  299  293  286  278  269  259  250  243
  234  224  213  199  186  169  152  134  119
    55.0-180.0 180.0   5.0 450.0                            LAT/LON1/LON2/DLON/H
  129  114  103   96   89   84   83   83   87   92   95   98  100  100  101  100
   98   93   88   82   78   78   80   82   83   81   77   71   69   71   78   87
   99  113  126  137  148  157  166  175  185  197  211  226  241  257  271  283
  295  306  316  321  322  321  319  314  309  303  296  289  280  271  261  252
  242  232  221  208  195  180  162  145  129
    52.5-180.0 180.0   5.0 450.0                            LAT/LON1/LON2/DLON/H
  140  127  115  105   97   88   83   80   81   83   86   90   94   97   99  100
   98   94   88   81   76   74   75   76   76   74   69   64   63   67   77   89
  105  120  133  144  154  163  174  184  196  210  226  240  260  278  293  307
  320  331  339  343  342  339  333  327  322  316  308  303  295  286  276  264
  253  242  230  218  205  190  173  157  140
    50.0-180.0 180.0   5.0 450.0                            LAT/LON1/LON2/DLON/H
  153  140  128  118  108   97   88   82   80   80   82   85   88   92   94   97
   97   94   88   80   75   72   72   73   73   70   65   61   60   65   77   93
  111  127  141  153  162  171  183  196  210  226  243  260  280  300  317  334
  347  358  364  366  363  357  350  342  335  328  321  316  309  302  291  279
  268  255  243  231  218  202  185  169  153
    47.5-180.0 180.0   5.0 450.0                            LAT/LON1/LON2/DLON/H
  163  150  141  131  121  109   97   88   82   80   80   82   85   89   91   95
   96   94   89   83   78   75   75   76   74   71   65   61   59   66   79   98
  117  135  150  161  171  182  195  209  225  243  263  284  303  324  343  360
  373  383  387  386  381  374  364  355  345  336  329  325  321  314  305  294
  281  269  257  244  230  214  196  178  163
    45.0-180.0 180.0   5.0 450.0                            LAT/LON1/LON2/DLON/H
  167  156  149  142  133  121  108   96   88   84   82   83   84   87   91   95
   99   99   96   92   88   85   85   85   82   77   70   63   61   68   83  103
  125  144  160  172  184  197  212  226  244  264  285  305  328  350  369  387
  397  404  405  404  396  387  374  362  349  338  330  326  324  320  313  304
  293  282  270  256  240  222  201  183  167
    42.5-180.0 180.0   5.0 450.0                            LAT/LON1/LON2/DLON/H
  162  152  149  145  140  129  116  104   95   89   86   85   85   87   91   97
  103  107  107  105  102  100  100   98   94   86   76   67   63   71   88  110
  133  154  171  187  202  216  233  249  267  288  309  330  354  377  395  409
  418  423  422  416  407  395  381  366  348  334  324  320  317  315  311  305
  298  289  278  264  245  222  199  178  162
    40.0-180.0 180.0   5.0 450.0                            LAT/LON1/LON2/DLON/H
  147  139  140  140  139  132  120  109  101   95   91   89   88   89   93  100
  107  114  118  119  118  117  116  113  107   95   82   70   65   73   92  117
  141  165  186  204  222  240  257  276  295  313  335  356  380  400  419  431
  437  439  434  427  416  405  391  372  350  332  320  313  309  308  305  303
  298  292  280  266  243  215  187  162  147
    37.5-180.0 180.0   5.0 450.0                            LAT/LON1/LON2/DLON/H
  121  115  120  126  129  126  118  109  102   99   96   94   92   92   95  102
  111  120  127  131  132  131  129  124  117  103   87   73   68   76   95  122
  151  177  203  226  249  269  288  306  323  340  362  383  404  426  443  453
  457  457  450  441  431  423  413  392  367  345  329  317  310  305  303  301
  299  295  283  266  239  205  171  140  121
    35.0-180.0 180.0   5.0 450.0                            LAT/LON1/LON2/DLON/H
   97   90   95  105  112  113  109  103   98   97   98   98   96   96   98  105
  114  123  131  137  141  140  136  130  122  108   91   77   71   79   99  127
  159  189  221  251  278  300  319  335  350  365  385  406  427  449  466  478
  482  481  474  467  461  460  454  439  415  387  365  346  330  319  312  309
  307  303  292  271  238  199  158  121   97
    32.5-180.0 180.0   5.0 450.0                            LAT/LON1/LON2/DLON/H
   84   71   71   80   91   95   94   91   89   91   96  100  100   99  101  107
  115  124  132  139  144  144  139  133  124  110   94   80   74   82  104  134
  167  203  239  274  304  328  347  363  376  391  409  430  451  475  495  507
  515  517  513  511  513  519  525  521  498  467  439  408  382  360  343  333
  329  323  311  285  246  200  157  116   84
    30.0-180.0 180.0   5.0 450.0                            LAT/LON1/LON2/DLON/H
   92   69   61   64   71   76   76   76   76   82   90   98  100  102  104  108
  115  122  130  138  143  142  138  132  122  110   96   83   79   87  109  142
  177  216  255  294  327  354  374  389  401  416  432  452  475  501  525  544
  556  566  568  577  594  607  627  634  615  582  550  507  467  432  401  381
  368  359  347  314  271  223  173  131   92
    27.5-180.0 180.0   5.0 450.0                            LAT/LON1/LON2/DLON/H
  124   93   71   63   63   65   64   64   66   73   86   96  100  104  105  107
  113  119  126  133  137  137  134  129  121  110  100   89   86   96  116  151
  188  228  270  311  347  377  398  412  425  440  454  474  498  528  558  585
  607  625  638  659  689  712  746  760  746  713  681  636  580  530  484  451
  425  413  401  364  318  268  216  170  124
    25.0-180.0 180.0   5.0 450.0                            LAT/LON1/LON2/DLON/H
  185  139  105   85   75   71   67   63   65   72   83   95  100  104  105  108
  111  116  122  127  131  132  130  125  120  113  104   97   94  104  125  160
  197  237  282  325  364  397  420  436  449  459  474  495  523  556  592  628
  660  688  713  735  774  812  853  868  860  835  802  757  698  637  579  536
  499  481  469  430  388  333  281  234  185
    22.5-180.0 180.0   5.0 450.0                            LAT/LON1/LON2/DLON/H
  263  212  164  133  111   97   87   79   76   80   87   95   98  102  105  107
  109  113  119  124  127  129  127  124  121  117  111  104  103  113  135  168
  206  246  290  333  374  409  437  456  467  478  494  516  546  582  623  668
  708  743  767  795  831  874  910  925  925  907  876  838  786  723  665  616
  576  553  533  496  460  408  358  313  263
    20.0-180.0 180.0   5.0 450.0                            LAT/LON1/LON2/DLON/H
  347  298  243  203  170  147  128  114  101   97   98  100  100   99  102  104
  107  111  116  121  125  127  126  124  122  121  117  112  111  122  145  178
  215  255  297  340  381  417  448  469  484  498  515  539  570  606  650  699
  739  767  791  813  840  877  905  920  928  916  894  866  827  774  721  673
  635  608  584  554  516  476  434  394  347
    17.5-180.0 180.0   5.0 450.0                            LAT/LON1/LON2/DLON/H
  423  381  327  282  242  211  186  165  143  129  119  112  106  100   99  101
  105  108  113  118  123  125  125  123  122  123  121  117  117  129  153  186
  223  262  302  342  383  420  451  476  497  517  537  561  591  625  666  708
  743  766  783  795  812  838  859  873  883  880  872  857  832  792  749  709
  673  645  621  590  553  520  485  459  423
    15.0-180.0 180.0   5.0 450.0                            LAT/LON1/LON2/DLON/H
  472  440  406  357  315  282  254  228  199  172  153  133  120  106  100  100
  103  105  109  114  119  123  123  121  122  124  123  121  121  134  158  191
  228  266  303  342  381  418  450  481  509  534  558  583  607  637  669  705
  731  746  756  759  767  782  794  805  814  820  824  823  812  789  758  728
  698  669  642  608  569  538  515  493  472
    12.5-180.0 180.0   5.0 450.0                            LAT/LON1/LON2/DLON/H
  494  478  451  414  376  346  321  294  259  221  194  159  138  119  107  103
  103  103  106  110  115  119  119  118  120  123  124  122  124  137  161  195
  231  267  302  340  376  412  446  482  515  547  574  597  620  642  667  693
  711  720  722  719  719  724  728  734  742  753  766  777  779  770  752  733
  711  684  653  615  573  538  518  504  494
    10.0-180.0 180.0   5.0 450.0                            LAT/LON1/LON2/DLON/H
  494  489  477  452  425  400  377  347  315  274  233  195  166  135  120  111
  106  102  102  107  111  114  115  114  117  123  124  123  126  139  165  197
  232  267  300  333  369  405  438  477  518  554  585  608  626  643  663  681
  693  696  694  689  684  683  682  682  686  701  719  737  745  744  740  731
  717  693  660  617  569  530  509  498  494
     7.5-180.0 180.0   5.0 450.0                            LAT/LON1/LON2/DLON/H
  483  484  483  472  454  434  415  392  361  321  277  232  198  158  137  122
  113  105  103  105  110  112  112  112  117  124  127  126  128  142  167  200
  234  266  296  329  363  395  430  470  513  554  588  612  627  642  658  671
  682  685  683  679  677  673  668  664  668  681  701  718  727  729  729  727
  719  700  666  620  568  525  497  484  483
     5.0-180.0 180.0   5.0 450.0                            LAT/LON1/LON2/DLON/H
  473  477  482  480  470  456  440  421  395  360  316  269  229  184  158  138
  123  113  108  109  110  112  112  113  120  128  132  131  133  146  171  203
  236  266  294  323  354  385  417  457  502  547  583  607  624  638  654  669
  681  690  694  694  697  697  691  687  691  701  715  725  728  725  725  726
  723  708  676  628  576  527  493  476  473
     2.5-180.0 180.0   5.0 450.0                            LAT/LON1/LON2/DLON/H
  475  480  486  488  481  470  457  442  422  392  351  302  260  211  181  157
  137  123  116  115  114  115  115  117  125  134  138  140  142  154  176  206
  237  264  290  317  345  373  403  440  485  531  568  595  615  631  649  670
  687  705  720  727  740  747  744  742  747  754  760  757  747  733  727  728
  727  716  687  640  588  537  500  481  475
