examples/igsg2860.11i
     1.0            IONOSPHERE MAPS     MIX                 IONEX VERSION / TYPE
cmpcmb v1.2          GRL/UWM            25-oct-11 06:06     PGM / RUN BY / DATE 
ionex file containing IGS COMBINED Ionosphere maps          COMMENT             
global ionosphere maps for day 286, 2011                    DESCRIPTION         
IONEX file containing the COMBINED IGS TEC MAPS and DCBs    DESCRIPTION         
      IONEX files of the following IAACs were combined: cod DESCRIPTION         
                                                        esa DESCRIPTION         
                                                        jpl DESCRIPTION         
                                                        upc DESCRIPTION         
Contact address: Andrzej Krankowski                         DESCRIPTION
                 Geodynamics Research Laboratory            DESCRIPTION
                 University of Warmia and Mazury (GRL/UWM)  DESCRIPTION
                 Oczapowski St. 1                           DESCRIPTION
                 10-957-Olsztyn, POLAND                     DESCRIPTION
                 e-mail:  kand@uwm.edu.pl                   DESCRIPTION
                                                            DESCRIPTION         
  2011    10    13     0     0     0                        EPOCH OF FIRST MAP  
  2011    10    14     0     0     0                        EPOCH OF LAST MAP   
  7200                                                      INTERVAL            
    13                                                      # OF MAPS IN FILE   
  COSZ                                                      MAPPING FUNCTION    
     0.0                                                    ELEVATION CUTOFF    
combined TEC calculated as weighted mean of input TEC valuesOBSERVABLES USED    
   371                                                      # OF STATIONS       
    32                                                      # OF SATELLITES     
  6371.0                                                    BASE RADIUS         
     2                                                      MAP DIMENSION       
   450.0 450.0   0.0                                        HGT1 / HGT2 / DHGT  
    87.5 -87.5  -2.5                                        LAT1 / LAT2 / DLAT  
  -180.0 180.0   5.0                                        LON1 / LON2 / DLON  
    -1                                                      EXPONENT            
TEC values in 0.1 tec units;  9999, if no value available   COMMENT             
DCB values in nanoseconds, reference is Sum_of_SatDCBs = 0  COMMENT             
                                                            END OF HEADER       
[from data line 1287]
     4                                                      START OF TEC MAP    
  2011    10    13     6     0     0                        EPOCH OF CURRENT MAP
    87.5-180.0 180.0   5.0 450.0                            LAT/LON1/LON2/DLON/H
  140  140  141  140  140  140  140  140  140  140  139  140  139  139  139  139
  138  137  137  136  135  134  133  132  130  129  127  127  126  125  125  125
  124  125  125  125  125  126  126  127  128  129  130  131  132  133  134  135
  136  137  139  139  140  141  141  142  143  143  143  144  144  143  143  143
  142  142  142  141  141  141  141  141  140
    85.0-180.0 180.0   5.0 450.0                            LAT/LON1/LON2/DLON/H
  146  146  145  146  147  147  148  148  149  150  150  151  150  150  150  149
  147  145  143  139  138  135  131  127  123  122  120  119  118  116  116  115
  115  115  115  116  117  117  119  120  122  124  127  129  133  136  140  144
  147  149  151  153  156  156  156  157  158  159  158  158  157  156  155  153
  152  151  150  149  148  146  147  147  146
    82.5-180.0 180.0   5.0 450.0                            LAT/LON1/LON2/DLON/H
  139  138  139  140  141  143  145  148  150  153  155  156  156  157  155  153
  152  150  147  143  138  133  127  120  118  114  111  107  105  103  102  102
  102  103  104  106  108  110  113  117  120  123  127  131  135  140  147  153
  161  166  170  174  179  179  181  181  181  181  180  179  177  174  171  168
  166  162  158  154  151  147  144  142  139
    80.0-180.0 180.0   5.0 450.0                            LAT/LON1/LON2/DLON/H
  131  129  127  127  129  133  137  142  147  151  155  157  159  160  158  157
  154  150  146  140  135  130  123  112  108  104  100   97   94   91   91   90
   92   94   97   99  101  104  107  111  117  122  128  134  142  149  158  167
  175  184  191  198  203  208  209  211  211  210  209  206  203  199  194  188
  183  176  168  161  154  147  141  134  131
    77.5-180.0 180.0   5.0 450.0                            LAT/LON1/LON2/DLON/H
  125  119  116  116  118  121  124  130  135  142  148  153  158  161  162  161
  158  153  148  140  130  122  111  101   97   92   87   84   83   82   82   83
   87   90   94   97  101  105  108  113  118  124  130  139  150  159  169  182
  193  205  215  223  231  236  241  243  244  244  242  239  233  228  221  214
  206  197  185  173  163  151  141  132  125
    75.0-180.0 180.0   5.0 450.0                            LAT/LON1/LON2/DLON/H
  126  117  111  107  104  105  109  114  122  130  138  145  152  157  157  156
  154  148  143  134  123  113  103   93   84   81   77   75   74   74   76   80
   84   88   93   98  103  107  112  117  123  129  137  146  156  169  181  197
  210  225  237  247  257  265  270  275  276  276  274  270  264  257  249  240
  230  219  206  193  180  164  150  137  126
    72.5-180.0 180.0   5.0 450.0                            LAT/LON1/LON2/DLON/H
  134  121  109  101   96   95   97  102  108  116  124  134  140  143  146  148
  146  141  136  127  117  106   96   86   79   73   71   71   71   71   75   80
   86   91   95  100  106  112  115  121  126  133  142  153  164  178  193  209
  227  243  257  269  281  290  297  302  304  303  300  294  287  279  270  261
  251  239  227  213  198  182  166  149  134
    70.0-180.0 180.0   5.0 450.0                            LAT/LON1/LON2/DLON/H
  147  131  115  103   94   90   90   92   97  104  110  117  123  128  133  134
  134  131  128  120  110  101   92   85   79   73   72   72   73   74   77   82
   88   93   99  104  107  113  117  122  128  135  146  157  172  189  206  223
  242  260  275  289  300  312  318  322  322  320  315  307  299  290  281  273
  264  253  243  231  216  200  183  165  147
    67.5-180.0 180.0   5.0 450.0                            LAT/LON1/LON2/DLON/H
  163  144  126  111  100   91   88   88   90   94   98  103  108  113  116  118
  120  120  119  113  106   98   92   88   82   79   77   79   79   81   83   87
   90   94   98  103  106  110  115  120  126  136  147  161  178  196  216  236
  257  275  292  306  317  326  332  333  331  327  321  311  301  292  284  276
  268  260  251  241  229  216  201  183  163
    65.0-180.0 180.0   5.0 450.0                            LAT/LON1/LON2/DLON/H
  176  156  137  121  108   98   92   90   89   89   90   92   95   98  101  103
  105  108  109  108  104   99   95   90   87   86   85   87   88   89   90   91
   92   92   93   96  100  104  109  115  125  136  150  166  185  204  226  247
  270  288  305  318  328  334  338  337  334  328  321  310  300  291  282  274
  266  259  252  245  236  226  212  196  176
    62.5-180.0 180.0   5.0 450.0                            LAT/LON1/LON2/DLON/H
  184  166  147  131  116  106   98   92   89   88   87   86   87   88   89   91
   94   99  102  104  103  100   97   94   92   92   92   93   94   94   94   92
   89   87   85   86   90   95  102  112  124  138  154  172  193  215  237  260
  280  299  314  326  334  339  340  338  334  328  321  311  300  290  279  270
  262  255  249  243  237  228  217  202  184
    60.0-180.0 180.0   5.0 450.0                            LAT/LON1/LON2/DLON/H
  188  171  153  137  124  112  103   96   91   88   86   83   83   82   82   84
   87   91   95  100  100   99   98   97   96   96   95   95   95   94   92   87
   82   78   76   77   81   89   99  112  127  143  162  182  203  226  251  273
  293  309  323  333  339  343  343  341  337  333  327  318  307  294  282  271
  261  253  246  241  234  228  218  205  188
    57.5-180.0 180.0   5.0 450.0                            LAT/LON1/LON2/DLON/H
  191  174  157  142  127  116  106   97   92   88   84   82   81   80   81   82
   84   86   89   95   95   96   96   95   94   92   91   91   90   89   86   81
   75   72   70   72   78   88  101  117  134  153  173  195  217  240  262  286
  305  320  332  341  347  350  352  351  349  346  342  333  319  305  292  279
  265  255  247  240  235  227  219  206  191
    55.0-180.0 180.0   5.0 450.0                            LAT/LON1/LON2/DLON/H
  195  177  160  145  129  117  106   97   91   87   84   82   82   82   83   84
   84   85   87   91   91   90   91   89   87   85   84   83   83   82   80   77
   72   69   68   72   80   92  110  128  147  168  189  212  232  255  278  299
  316  331  342  351  358  363  366  369  369  367  362  350  334  321  307  292
  277  263  254  246  238  231  222  210  195
    52.5-180.0 180.0   5.0 450.0                            LAT/LON1/LON2/DLON/H
  199  182  165  148  131  117  105   96   89   85   83   83   84   85   86   87
   86   86   87   87   87   86   85   83   81   80   79   78   78   78   77   75
   72   70   72   77   86  102  122  143  165  186  208  227  248  269  292  310
  328  342  354  364  372  379  385  389  391  389  383  369  353  339  324  308
  292  277  265  254  246  237  228  215  199
    50.0-180.0 180.0   5.0 450.0                            LAT/LON1/LON2/DLON/H
  207  189  171  153  136  121  107   97   89   84   83   84   86   89   90   90
   89   87   86   86   85   84   83   82   81   80   79   79   78   78   77   77
   75   75   78   85   98  116  138  162  184  205  224  244  263  283  303  322
  340  354  366  378  387  397  404  408  411  409  402  387  371  356  339  323
  306  290  276  265  255  245  235  223  207
    47.5-180.0 180.0   5.0 450.0                            LAT/LON1/LON2/DLON/H
  214  196  178  161  143  127  113  101   92   87   84   86   90   92   93   92
   90   89   87   87   86   86   85   86   86   87   85   85   83   82   81   81
   81   82   86   96  111  131  154  178  202  223  241  260  276  295  314  333
  349  364  378  391  402  413  420  424  426  423  414  399  383  367  350  334
  318  301  286  273  263  253  241  228  214
    45.0-180.0 180.0   5.0 450.0                            LAT/LON1/LON2/DLON/H
  217  201  185  170  154  137  121  108   99   92   89   90   93   96   96   94
   91   89   88   90   91   92   93   96   98   98   97   95   92   90   88   88
   88   90   96  106  122  144  169  195  218  238  254  271  288  307  326  344
  360  375  390  403  415  426  431  434  432  427  418  403  387  371  356  341
  325  308  293  280  268  258  246  232  217
    42.5-180.0 180.0   5.0 450.0                            LAT/LON1/LON2/DLON/H
  217  202  187  175  161  147  132  119  108  102   98   97   99   99   98   95
   92   90   90   93   97  101  105  109  112  113  111  108  103   99   96   95
   94   97  102  113  131  154  180  206  230  250  267  283  301  319  337  354
  370  385  399  413  425  434  434  434  429  423  414  400  386  372  359  347
  330  313  299  284  272  259  247  233  217
    40.0-180.0 180.0   5.0 450.0                            LAT/LON1/LON2/DLON/H
  211  196  184  173  163  152  140  128  119  113  108  106  104  103  101   98
   95   93   94  100  105  112  118  123  127  127  125  120  113  108  103  101
  100  101  106  118  136  161  189  216  240  261  279  295  313  330  348  365
  379  393  406  419  430  436  433  427  421  415  409  398  387  376  367  357
  341  324  308  291  276  262  245  229  211
    37.5-180.0 180.0   5.0 450.0                            LAT/LON1/LON2/DLON/H
  202  185  172  164  156  149  141  134  128  123  119  116  112  109  106  104
  101   99  101  107  115  122  129  135  138  138  134  129  122  115  110  106
  104  105  109  121  140  166  196  224  249  271  288  305  323  341  359  375
  386  398  411  425  436  438  432  423  416  415  414  409  403  397  390  383
  368  350  329  309  290  271  249  226  202
    35.0-180.0 180.0   5.0 450.0                            LAT/LON1/LON2/DLON/H
  197  172  156  146  141  137  134  131  130  129  127  123  119  116  113  111
  109  107  110  115  123  130  137  142  143  142  138  132  126  120  115  112
  109  108  112  124  143  171  200  230  255  275  295  314  332  351  369  383
  393  404  419  434  444  446  440  433  430  434  442  445  446  446  442  436
  420  400  374  349  324  296  265  231  197
    32.5-180.0 180.0   5.0 450.0                            LAT/LON1/LON2/DLON/H
  205  168  143  129  123  120  119  120  124  128  129  127  125  123  120  119
  118  117  119  123  129  133  138  142  143  140  137  131  127  123  121  118
  115  113  116  127  146  173  204  233  259  281  301  321  340  360  377  389
  401  414  431  449  462  466  465  464  469  483  501  512  521  526  526  519
  504  480  454  417  383  342  301  254  205
    30.0-180.0 180.0   5.0 450.0                            LAT/LON1/LON2/DLON/H
  234  181  145  123  113  107  104  105  112  121  126  127  126  125  125  126
  126  126  126  128  131  132  136  139  139  136  132  129  127  128  128  126
  123  119  120  131  152  178  208  237  262  285  305  324  345  365  382  397
  413  431  451  473  492  502  510  519  534  561  589  607  623  635  638  634
  626  593  562  514  468  419  366  299  234
    27.5-180.0 180.0   5.0 450.0                            LAT/LON1/LON2/DLON/H
  286  221  171  139  120  107   98   95  101  112  120  123  124  126  126  128
  129  129  129  130  129  129  132  134  135  133  129  128  131  136  139  137
  132  127  127  137  158  184  213  241  265  288  308  327  348  370  391  410
  430  453  480  505  532  552  571  592  618  656  692  715  737  755  758  761
  754  723  690  636  581  522  448  369  286
    25.0-180.0 180.0   5.0 450.0                            LAT/LON1/LON2/DLON/H
  369  286  229  184  155  132  113  101  101  109  117  120  121  126  125  128
  128  130  129  128  125  125  127  131  134  135  133  135  142  149  153  150
  143  135  133  143  164  189  217  244  266  290  310  330  353  378  403  429
  454  482  513  545  579  609  639  670  706  752  792  818  842  858  863  867
  864  837  811  759  702  638  556  468  369
    22.5-180.0 180.0   5.0 450.0                            LAT/LON1/LON2/DLON/H
  468  379  308  261  220  185  153  129  118  119  123  124  123  125  123  125
  125  125  124  124  122  123  127  135  142  147  149  152  161  168  170  163
  153  142  139  148  167  192  220  244  268  293  314  335  360  389  421  452
  482  511  546  585  625  662  700  735  777  825  861  889  909  919  928  936
  935  916  890  856  812  746  665  574  468
    20.0-180.0 180.0   5.0 450.0                            LAT/LON1/LON2/DLON/H
  567  480  409  362  315  269  221  186  161  150  146  141  133  128  123  122
  121  120  120  120  122  126  133  146  159  169  175  178  185  189  186  174
  159  145  141  150  169  194  220  245  269  294  317  342  371  404  441  475
  510  542  577  616  656  698  737  774  814  854  884  907  919  923  936  943
  944  933  920  900  871  820  752  668  567
    17.5-180.0 180.0   5.0 450.0                            LAT/LON1/LON2/DLON/H
  644  565  502  462  420  369  314  268  230  207  190  175  158  144  131  124
  120  118  119  121  124  132  146  166  186  199  205  206  208  207  198  181
  161  144  139  149  169  194  220  244  270  296  323  351  382  421  463  501
  536  568  600  634  670  711  747  783  817  849  870  881  884  884  892  896
  898  896  896  892  878  845  796  727  644
    15.0-180.0 180.0   5.0 450.0                            LAT/LON1/LON2/DLON/H
  678  615  571  541  511  465  410  360  316  283  256  229  200  174  152  137
  128  126  127  130  136  146  165  190  214  229  233  231  228  219  204  182
  158  139  134  144  166  192  218  244  270  298  329  361  395  438  482  525
  560  589  614  642  672  705  737  770  797  823  834  834  830  825  827  829
  831  832  839  844  845  826  794  744  678
    12.5-180.0 180.0   5.0 450.0                            LAT/LON1/LON2/DLON/H
  676  624  595  582  568  536  491  443  402  366  338  299  254  218  186  165
  152  146  146  150  157  169  189  215  239  253  255  249  240  226  205  179
  152  132  127  139  161  189  216  242  270  301  335  371  408  452  501  545
  577  601  621  641  665  690  716  742  765  785  790  784  776  769  768  767
  765  766  774  784  793  785  763  728  676
    10.0-180.0 180.0   5.0 450.0                            LAT/LON1/LON2/DLON/H
  648  606  585  583  582  567  534  498  465  437  406  367  320  272  236  209
  192  183  181  182  186  196  213  237  258  270  268  258  244  226  203  175
  147  127  122  134  158  187  215  241  271  304  340  379  418  464  512  557
  586  605  618  632  652  673  695  715  736  750  753  746  738  733  729  724
  717  715  722  734  744  740  722  691  648
     7.5-180.0 180.0   5.0 450.0                            LAT/LON1/LON2/DLON/H
  616  575  553  554  560  556  539  518  504  487  462  428  379  330  293  264
  245  235  230  223  222  226  235  253  271  279  274  261  243  223  199  172
  145  126  121  133  157  186  215  241  271  304  343  383  423  468  516  559
  587  602  611  624  641  661  682  702  720  732  733  730  726  725  722  711
  699  694  699  709  715  708  688  656  616
     5.0-180.0 180.0   5.0 450.0                            LAT/LON1/LON2/DLON/H
  598  552  521  515  518  518  511  506  506  504  491  464  422  378  345  321
  305  294  285  269  259  254  254  264  277  282  274  259  240  220  198  173
  149  130  125  136  159  187  214  241  270  302  340  380  420  462  508  550
  578  595  606  621  641  661  680  703  720  729  733  736  741  746  742  728
  711  705  705  713  714  701  676  641  598
     2.5-180.0 180.0   5.0 450.0                            LAT/LON1/LON2/DLON/H
  602  550  507  485  478  473  470  474  484  494  489  469  438  405  383  368
  357  343  330  310  290  274  267  269  277  279  270  256  238  220  200  179
  157  139  132  141  161  188  212  239  265  296  334  371  408  448  491  531
  560  585  603  625  649  669  690  710  727  739  747  758  772  783  781  766
  747  736  734  739  733  716  687  651  602
