examples/igsg2830.11i
     1.0            IONOSPHERE MAPS     MIX                 IONEX VERSION / TYPE
cmpcmb v1.2          GRL/UWM            25-oct-11 05:49     PGM / RUN BY / DATE 
ionex file containing IGS COMBINED Ionosphere maps          COMMENT             
global ionosphere maps for day 283, 2011                    DESCRIPTION         
IONEX file containing the COMBINED IGS TEC MAPS and DCBs    DESCRIPTION         
      IONEX files of the following IAACs were combined: cod DESCRIPTION         
                                                        esa DESCRIPTION         
                                                        jpl DESCRIPTION         
                                                        upc DESCRIPTION         
Contact address: Andrzej Krankowski                         DESCRIPTION
                 Geodynamics Research Laboratory            DESCRIPTION
                 University of Warmia and Mazury (GRL/UWM)  DESCRIPTION
                 Oczapowski St. 1                           DESCRIPTION
                 10-957-Olsztyn, POLAND                     DESCRIPTION
                 e-mail:  kand@uwm.edu.pl                   DESCRIPTION
                                                            DESCRIPTION         
  2011    10    10     0     0     0                        EPOCH OF FIRST MAP  
  2011    10    11     0     0     0                        EPOCH OF LAST MAP   
  7200                                                      INTERVAL            
    13                                                      # OF MAPS IN FILE   
  COSZ                                                      MAPPING FUNCTION    
     0.0                                                    ELEVATION CUTOFF    
combined TEC calculated as weighted mean of input TEC valuesOBSERVABLES USED    
   370                                                      # OF STATIONS       
    32                                                      # OF SATELLITES     
  6371.0                                                    BASE RADIUS         
     2                                                      MAP DIMENSION       
   450.0 450.0   0.0                                        HGT1 / HGT2 / DHGT  
    87.5 -87.5  -2.5                                        LAT1 / LAT2 / DLAT  
  -180.0 180.0   5.0                                        LON1 / LON2 / DLON  
    -1                                                      EXPONENT            
TEC values in 0.1 tec units;  9999, if no value available   COMMENT             
DCB values in nanoseconds, reference is Sum_of_SatDCBs = 0  COMMENT             
                                                            END OF HEADER       
[from data line 4290]
    11                                                      START OF TEC MAP    
  2011    10    10    20     0     0                        EPOCH OF CURRENT MAP
    87.5-180.0 180.0   5.0 450.0                            LAT/LON1/LON2/DLON/H
  145  145  146  147  150  151  152  154  155  157  158  159  162  163  165  166
  167  168  169  170  171  171  172  172  172  172  172  172  171  171  169  169
  168  167  166  164  163  162  161  160  158  157  155  154  152  151  150  149
  148  147  146  144  143  142  142  141  140  140  139  139  138  138  138  137
  138  138  138  138  140  141  142  144  145
    85.0-180.0 180.0   5.0 450.0                            LAT/LON1/LON2/DLON/H
  136  138  140  142  144  146  149  152  155  158  162  165  169  172  175  178
  180  183  183  185  187  187  187  188  188  189  188  186  186  187  185  182
  180  177  174  170  168  166  163  159  157  154  151  149  146  144  142  139
  138  135  133  132  131  129  128  128  127  126  126  125  124  124  124  124
  126  128  128  130  131  132  133  134  136
    82.5-180.0 180.0   5.0 450.0                            LAT/LON1/LON2/DLON/H
  123  125  127  129  133  136  140  145  149  155  159  165  170  176  181  186
  190  194  197  201  201  202  201  203  203  202  200  198  194  190  187  181
  178  172  169  165  161  158  154  151  148  144  142  139  136  133  131  129
  127  124  122  120  119  117  116  116  115  115  114  114  114  115  115  117
  117  117  118  118  119  120  120  122  123
    80.0-180.0 180.0   5.0 450.0                            LAT/LON1/LON2/DLON/H
  111  112  114  118  121  126  131  138  145  152  160  168  175  183  190  195
  200  205  208  210  211  211  210  210  205  197  196  192  189  183  179  174
  171  166  162  159  154  149  145  142  138  136  133  130  127  124  121  118
  116  112  111  110  108  107  107  106  106  106  106  106  107  107  108  108
  107  107  108  109  108  108  109  109  111
    77.5-180.0 180.0   5.0 450.0                            LAT/LON1/LON2/DLON/H
  105  107  109  112  117  123  129  137  146  154  164  173  182  191  198  204
  208  214  218  220  218  217  214  207  205  200  194  187  180  173  167  162
  157  152  147  144  140  137  134  131  129  126  124  122  119  116  113  110
  108  103  101  100   99   98   98   98   99   99   99   99   99   99  100  100
  100  100  101  101  101  102  102  103  105
    75.0-180.0 180.0   5.0 450.0                            LAT/LON1/LON2/DLON/H
  108  110  114  118  123  128  135  143  152  161  172  183  193  199  207  214
  219  221  222  222  220  215  211  205  196  191  184  175  169  162  154  147
  143  138  134  129  127  124  122  121  119  117  116  113  111  108  106  102
  101   95   93   91   90   90   90   90   91   91   90   90   91   92   92   94
   94   95   95   98   99  101  103  106  108
    72.5-180.0 180.0   5.0 450.0                            LAT/LON1/LON2/DLON/H
  117  121  126  131  136  142  149  157  167  179  189  199  209  217  225  228
  228  230  228  224  218  213  207  201  190  182  174  166  155  146  141  133
  126  123  121  117  115  114  113  112  109  109  108  105  103  100   98   95
   93   89   85   84   82   82   81   80   80   80   80   80   81   83   84   86
   87   89   92   95   98  104  107  113  117
    70.0-180.0 180.0   5.0 450.0                            LAT/LON1/LON2/DLON/H
  129  137  142  149  154  161  168  177  188  199  210  221  230  238  245  244
  242  239  233  226  218  212  203  196  185  178  167  158  148  138  129  122
  116  111  109  106  104  106  105  106  105  103  100   98   93   90   89   86
   84   80   78   76   74   72   71   68   68   69   69   70   71   73   75   76
   78   81   85   90   97  104  113  121  129
    67.5-180.0 180.0   5.0 450.0                            LAT/LON1/LON2/DLON/H
  140  151  159  166  174  180  188  197  209  220  231  243  253  259  261  261
  258  251  244  233  224  215  204  196  186  177  167  156  147  137  129  121
  113  108  104  101   98   98   99  100  100   97   94   90   85   82   80   78
   76   73   69   67   65   62   60   57   56   57   58   59   60   63   64   66
   68   71   76   82   93  104  115  128  140
    65.0-180.0 180.0   5.0 450.0                            LAT/LON1/LON2/DLON/H
  149  162  173  182  191  198  206  215  226  239  251  262  270  277  278  276
  273  265  257  245  237  226  216  206  194  184  175  164  154  145  139  130
  123  115  109  103   99   96   95   94   93   91   87   82   77   74   71   69
   67   65   62   60   57   53   50   49   48   47   48   50   52   53   55   56
   57   60   65   75   86  100  115  133  149
    62.5-180.0 180.0   5.0 450.0                            LAT/LON1/LON2/DLON/H
  153  169  184  195  204  214  222  231  241  254  267  279  288  293  295  292
  288  280  272  262  255  245  234  222  210  199  189  180  170  162  155  146
  137  126  117  111  104   99   94   91   88   85   81   76   71   67   64   62
   60   59   56   54   51   48   47   45   43   43   43   46   48   49   50   49
   50   52   57   67   80   96  115  134  153
    60.0-180.0 180.0   5.0 450.0                            LAT/LON1/LON2/DLON/H
  155  174  191  205  216  227  236  245  256  268  282  293  302  308  309  307
  303  296  287  281  274  264  252  240  229  218  206  198  189  181  172  162
  151  139  128  119  109  103   97   91   86   82   78   73   68   64   61   59
   57   55   53   51   49   48   47   47   45   46   47   49   51   52   51   50
   49   50   54   63   77   94  114  135  155
    57.5-180.0 180.0   5.0 450.0                            LAT/LON1/LON2/DLON/H
  158  178  196  212  228  242  251  261  270  281  294  306  314  319  322  321
  316  311  304  298  291  282  269  257  246  235  223  215  207  201  192  182
  169  155  139  126  115  106   99   93   88   83   79   74   69   65   63   60
   59   57   55   54   54   54   54   53   53   55   56   59   62   62   59   57
   55   55   58   66   79   95  116  136  158
    55.0-180.0 180.0   5.0 450.0                            LAT/LON1/LON2/DLON/H
  162  182  202  222  240  257  268  278  286  295  306  317  324  330  332  332
  330  324  319  312  304  296  284  271  259  248  237  231  225  219  212  201
  186  170  152  137  123  112  104   97   93   88   84   79   75   71   68   66
   64   63   63   62   63   64   64   65   66   69   72   75   75   75   72   69
   66   66   67   74   87  102  121  141  162
    52.5-180.0 180.0   5.0 450.0                            LAT/LON1/LON2/DLON/H
  169  191  211  233  254  272  285  295  303  311  318  325  333  338  341  342
  340  336  329  321  313  303  292  280  268  258  251  246  243  238  229  216
  200  181  163  147  133  121  112  105  101   97   91   87   84   82   78   76
   74   74   74   74   75   77   78   80   83   87   91   92   92   90   87   84
   81   79   81   87   99  114  130  149  169
    50.0-180.0 180.0   5.0 450.0                            LAT/LON1/LON2/DLON/H
  180  200  222  245  267  286  302  313  320  326  330  334  339  344  348  350
  349  344  337  327  316  306  296  286  276  269  265  262  260  254  241  225
  205  185  167  152  139  128  119  113  109  104  100   98   97   95   91   89
   87   88   88   89   90   91   93   96  100  105  107  110  110  108  104  100
   97   94   95  103  113  127  143  160  180
    47.5-180.0 180.0   5.0 450.0                            LAT/LON1/LON2/DLON/H
  192  211  234  257  280  300  317  330  336  340  341  342  346  351  354  357
  356  352  343  331  319  309  299  292  285  282  281  281  276  267  247  224
  202  181  163  150  140  130  123  119  114  111  109  108  108  107  104  102
  102  102  103  105  106  108  111  114  117  120  122  125  126  124  119  115
  110  108  110  117  129  142  157  174  192
    45.0-180.0 180.0   5.0 450.0                            LAT/LON1/LON2/DLON/H
  203  223  244  267  289  310  327  340  347  350  350  350  353  357  361  365
  365  359  349  337  325  315  307  301  298  299  299  298  289  273  246  216
  190  169  154  143  135  129  124  120  116  115  115  115  115  114  115  114
  115  117  118  121  123  125  128  130  132  133  133  135  135  133  129  124
  119  117  121  130  143  157  171  186  203
    42.5-180.0 180.0   5.0 450.0                            LAT/LON1/LON2/DLON/H
  211  231  251  273  294  314  332  345  354  358  358  358  360  364  370  374
  377  372  360  348  336  327  322  317  316  318  319  314  300  274  241  205
  174  153  142  135  130  126  122  118  116  115  116  117  118  118  120  123
  124  127  130  134  137  138  139  140  140  141  140  139  138  136  130  125
  120  120  126  137  152  167  182  196  211
    40.0-180.0 180.0   5.0 450.0                            LAT/LON1/LON2/DLON/H
  218  236  256  275  294  312  328  342  353  361  365  366  369  373  380  386
  389  388  378  365  355  346  341  338  337  339  338  330  309  275  234  193
  161  143  135  132  129  125  121  117  115  114  115  116  117  119  122  125
  128  132  137  141  143  144  144  143  142  141  140  137  135  132  127  121
  117  117  125  140  157  173  187  201  218
    37.5-180.0 180.0   5.0 450.0                            LAT/LON1/LON2/DLON/H
  222  241  259  277  292  308  323  336  350  363  370  375  379  384  392  399
  404  406  400  389  378  370  364  360  359  358  354  343  317  279  236  192
  162  147  141  140  138  133  126  121  117  115  115  116  116  118  121  125
  127  131  136  141  145  146  146  144  142  140  137  133  130  125  120  114
  110  111  121  138  157  175  192  204  222
    35.0-180.0 180.0   5.0 450.0                            LAT/LON1/LON2/DLON/H
  226  245  263  280  293  306  319  333  350  366  379  388  393  399  406  414
  422  426  424  414  404  394  387  382  378  375  368  355  327  292  252  212
  185  172  169  166  162  155  142  133  129  124  122  121  121  121  123  125
  126  128  133  138  143  145  145  143  140  137  133  128  123  118  113  106
  102  105  116  135  158  178  195  209  226
    32.5-180.0 180.0   5.0 450.0                            LAT/LON1/LON2/DLON/H
  234  253  272  287  300  310  323  337  355  374  392  404  411  416  423  433
  441  447  448  440  428  415  408  399  393  389  380  367  346  316  286  257
  236  225  219  212  203  196  177  160  155  144  138  136  134  133  132  131
  129  128  131  137  141  144  143  141  137  133  129  123  118  112  106  100
   97  100  113  135  160  182  202  218  234
    30.0-180.0 180.0   5.0 450.0                            LAT/LON1/LON2/DLON/H
  248  268  287  303  316  328  341  353  371  392  413  426  434  438  443  452
  461  468  468  461  447  433  423  412  406  401  392  385  375  360  343  326
  316  307  290  273  258  246  225  198  186  178  167  163  159  156  152  146
  140  135  135  138  141  144  143  140  136  131  126  120  113  107  102   97
   95  100  116  141  168  191  211  229  248
    27.5-180.0 180.0   5.0 450.0                            LAT/LON1/LON2/DLON/H
  265  288  310  329  345  360  373  384  403  423  444  457  464  468  467  474
  483  487  486  476  461  445  432  423  417  413  410  412  418  421  425  430
  427  415  381  349  318  296  273  240  223  215  205  199  191  187  182  173
  163  150  144  143  144  146  145  141  135  130  124  117  110  104   99   96
   96  104  123  151  181  204  224  244  265
    25.0-180.0 180.0   5.0 450.0                            LAT/LON1/LON2/DLON/H
  287  314  340  364  382  401  414  428  448  467  483  497  503  504  500  503
  505  508  503  491  472  454  441  432  429  431  436  452  474  501  526  543
  553  536  482  430  379  349  312  280  265  258  243  235  227  222  216  204
  190  170  159  154  151  150  149  143  136  130  122  114  107  101   97   96
   99  110  133  164  196  221  241  263  287
    22.5-180.0 180.0   5.0 450.0                            LAT/LON1/LON2/DLON/H
  310  342  375  402  425  448  466  484  501  518  531  544  549  550  542  540
  536  534  524  508  486  466  453  447  449  461  478  507  544  589  630  650
  656  626  570  491  432  394  355  321  309  294  277  265  257  253  246  233
  218  194  178  168  161  156  152  145  136  128  119  110  101   96   94   94
  101  115  140  176  210  238  260  283  310
    20.0-180.0 180.0   5.0 450.0                            LAT/LON1/LON2/DLON/H
  331  367  407  439  467  498  522  545  561  575  588  596  602  603  595  587
  577  569  553  534  509  488  476  476  486  506  534  573  618  671  716  730
  713  668  597  512  448  410  376  354  341  318  296  280  274  271  267  255
  241  219  202  185  173  162  155  147  135  125  114  104   95   89   89   92
  101  117  145  183  220  250  274  300  331
    17.5-180.0 180.0   5.0 450.0                            LAT/LON1/LON2/DLON/H
  347  389  435  473  506  540  575  609  626  638  648  654  659  662  658  644
  629  614  595  571  545  524  515  522  538  563  597  635  682  731  763  762
  723  657  572  483  425  393  369  353  344  324  299  281  275  273  273  268
  258  238  220  202  185  170  159  148  134  122  110   98   89   84   85   90
  100  118  147  185  224  255  281  311  347
    15.0-180.0 180.0   5.0 450.0                            LAT/LON1/LON2/DLON/H
  359  408  459  501  536  574  620  663  689  697  704  710  719  724  725  711
  692  672  648  623  594  576  570  580  599  626  656  690  724  755  768  746
  686  594  499  417  366  346  336  333  327  314  291  272  263  260  264  267
  263  251  232  212  193  175  161  148  134  121  108   95   85   81   83   89
  100  118  146  184  223  255  282  316  359
    12.5-180.0 180.0   5.0 450.0                            LAT/LON1/LON2/DLON/H
  368  421  475  519  556  593  642  696  735  749  753  763  774  784  790  781
  762  740  714  689  660  643  636  646  665  690  710  725  737  747  738  691
  602  492  404  335  296  291  297  306  309  302  282  259  243  235  238  250
  254  250  235  215  195  176  160  145  133  120  106   93   84   81   84   90
  101  120  148  182  220  252  282  319  368
    10.0-180.0 180.0   5.0 450.0                            LAT/LON1/LON2/DLON/H
  375  432  486  527  559  594  642  702  750  778  788  799  814  833  848  847
  833  812  786  764  736  721  713  718  730  742  745  736  726  715  686  613
  500  394  316  264  240  247  267  288  302  299  280  252  227  211  209  223
  234  237  230  213  194  176  159  143  132  120  107   94   87   85   87   92
  104  123  149  185  221  253  282  325  375
     7.5-180.0 180.0   5.0 450.0                            LAT/LON1/LON2/DLON/H
  385  443  497  533  555  584  629  687  744  781  800  815  835  864  890  902
  895  880  859  836  812  799  791  787  782  771  749  723  697  672  631  545
  429  326  262  228  219  235  265  293  312  314  292  257  223  197  189  201
  215  222  220  208  193  177  160  144  132  122  111  101   94   93   93   97
  109  128  155  189  226  258  289  331  385
     5.0-180.0 180.0   5.0 450.0                            LAT/LON1/LON2/DLON/H
  396  459  512  541  556  575  616  672  726  766  789  808  833  870  906  931
  938  922  904  887  869  859  853  840  804  768  732  699  668  635  586  503
  399  312  260  234  233  255  290  323  345  350  326  284  242  210  192  197
  209  214  214  206  193  179  163  148  136  127  118  110  105  102  101  104
  115  134  162  198  235  265  298  342  396
     2.5-180.0 180.0   5.0 450.0                            LAT/LON1/LON2/DLON/H
  409  474  526  555  564  578  612  659  706  741  760  779  809  844  890  922
  941  928  914  904  895  890  882  857  799  748  709  677  647  615  569  500
  420  353  312  289  285  305  342  381  402  408  382  340  293  253  225  217
  219  217  216  208  195  181  166  153  142  134  127  121  115  112  110  112
  121  140  169  207  245  278  310  353  409
