examples/igsg2840.11i
     1.0            IONOSPHERE MAPS     MIX                 IONEX VERSION / TYPE
cmpcmb v1.2          GRL/UWM            25-oct-11 05:54     PGM / RUN BY / DATE 
ionex file containing IGS COMBINED Ionosphere maps          COMMENT             
global ionosphere maps for day 284, 2011                    DESCRIPTION         
IONEX file containing the COMBINED IGS TEC MAPS and DCBs    DESCRIPTION         
      IONEX files of the following IAACs were combined: cod DESCRIPTION         
                                                        esa DESCRIPTION         
                                                        jpl DESCRIPTION         
                                                        upc DESCRIPTION         
Contact address: Andrzej Krankowski                         DESCRIPTION
                 Geodynamics Research Laboratory            DESCRIPTION
                 University of Warmia and Mazury (GRL/UWM)  DESCRIPTION
                 Oczapowski St. 1                           DESCRIPTION
                 10-957-Olsztyn, POLAND                     DESCRIPTION
                 e-mail:  kand@uwm.edu.pl                   DESCRIPTION
                                                            DESCRIPTION         
  2011    10    11     0     0     0                        EPOCH OF FIRST MAP  
  2011    10    12     0     0     0                        EPOCH OF LAST MAP   
  7200                                                      INTERVAL            
    13                                                      # OF MAPS IN FILE   
  COSZ                                                      MAPPING FUNCTION    
     0.0                                                    ELEVATION CUTOFF    
combined TEC calculated as weighted mean of input TEC valuesOBSERVABLES USED    
   375                                                      # OF STATIONS       
    32                                                      # OF SATELLITES     
  6371.0                                                    BASE RADIUS         
     2                                                      MAP DIMENSION       
   450.0 450.0   0.0                                        HGT1 / HGT2 / DHGT  
    87.5 -87.5  -2.5                                        LAT1 / LAT2 / DLAT  
  -180.0 180.0   5.0                                        LON1 / LON2 / DLON  
    -1                                                      EXPONENT            
TEC values in 0.1 tec units;  9999, if no value available   COMMENT             
DCB values in nanoseconds, reference is Sum_of_SatDCBs = 0  COMMENT             
                                                            END OF HEADER       
[from data line 2574]
     7                                                      START OF TEC MAP    
  2011    10    11    12     0     0                        EPOCH OF CURRENT MAP
    87.5-180.0 180.0   5.0 450.0                            LAT/LON1/LON2/DLON/H
  101  101  101  101  101  101  100  101  101  101  101  101  101  102  102  102
  103  104  104  105  106  107  107  108  109  109  110  111  112  113  114  114
  115  116  116  117  118  117  117  117  117  118  117  117  117  116  115  114
  114  112  111  110  108  108  106  106  105  104  103  103  102  102  102  102
  102  101  101  102  101  101  101  101  101
    85.0-180.0 180.0   5.0 450.0                            LAT/LON1/LON2/DLON/H
   96   95   94   92   92   92   91   91   91   92   92   92   92   92   93   94
   94   94   95   97   98   99  102  103  106  108  110  113  116  119  122  123
  126  128  128  129  130  130  129  129  128  127  126  125  124  123  121  119
  117  115  113  110  107  105  103  101  100   98   97   96   96   96   96   96
   96   96   96   96   96   96   96   95   96
    82.5-180.0 180.0   5.0 450.0                            LAT/LON1/LON2/DLON/H
   87   84   84   84   84   84   84   84   84   84   83   84   83   84   84   84
   85   85   87   88   90   92   96  100  104  109  114  119  123  127  130  134
  136  139  141  144  145  145  145  143  142  140  138  136  133  130  127  124
  120  116  112  108  104  103  100   98   96   95   94   93   93   92   92   93
   93   92   92   92   92   90   88   87   87
    80.0-180.0 180.0   5.0 450.0                            LAT/LON1/LON2/DLON/H
   78   77   76   76   75   75   75   76   76   77   78   78   78   78   78   79
   79   79   80   81   83   87   91  102  106  110  114  119  124  130  136  142
  149  154  159  161  163  164  164  162  160  157  152  148  143  139  135  130
  125  121  117  113  109  106  104  101  100   98   96   95   94   94   93   93
   92   91   90   89   86   84   82   79   78
    77.5-180.0 180.0   5.0 450.0                            LAT/LON1/LON2/DLON/H
   70   68   67   67   66   67   68   70   72   73   73   74   74   75   76   78
   80   81   82   85   88   90   96  102  108  114  121  127  133  141  147  153
  160  167  173  177  180  182  183  181  178  175  169  163  158  152  147  142
  136  131  127  122  119  116  113  110  108  106  104  102  100   99   98   96
   93   91   89   86   83   79   75   72   70
    75.0-180.0 180.0   5.0 450.0                            LAT/LON1/LON2/DLON/H
   64   61   60   59   59   61   64   66   69   72   74   75   76   79   81   83
   84   88   91   91   96  101  105  109  117  123  129  140  147  155  164  170
  176  182  187  190  194  196  197  196  195  193  188  183  177  172  165  161
  154  149  144  138  134  131  127  123  120  117  115  112  110  107  104  100
   96   92   88   85   80   75   70   66   64
    72.5-180.0 180.0   5.0 450.0                            LAT/LON1/LON2/DLON/H
   59   56   54   54   55   59   62   66   70   75   77   80   81   84   85   87
   90   93   96  101  109  113  121  125  131  138  146  152  160  169  175  183
  189  194  198  202  205  208  209  210  210  208  205  201  196  191  186  181
  175  169  163  157  151  145  141  137  131  127  124  120  117  114  110  104
   99   93   88   83   77   72   67   62   59
    70.0-180.0 180.0   5.0 450.0                            LAT/LON1/LON2/DLON/H
   57   53   52   52   55   59   63   67   73   77   80   82   84   85   87   90
   93   97  104  113  119  129  137  142  150  153  159  166  173  180  185  191
  196  201  205  210  212  216  219  220  220  220  219  215  212  208  204  199
  193  186  180  173  165  158  151  146  138  133  129  124  120  116  111  106
  100   93   87   81   75   70   66   60   57
    67.5-180.0 180.0   5.0 450.0                            LAT/LON1/LON2/DLON/H
   58   54   53   54   56   59   62   67   71   75   78   80   81   83   86   88
   92  100  110  119  127  137  147  154  163  168  172  176  182  188  192  196
  200  205  210  214  217  220  223  225  227  229  228  226  225  220  217  212
  206  199  192  184  175  167  157  149  141  133  128  121  117  112  108  102
   96   91   85   79   74   70   67   61   58
    65.0-180.0 180.0   5.0 450.0                            LAT/LON1/LON2/DLON/H
   61   57   55   55   56   57   59   62   66   69   71   73   74   76   78   82
   87   98  107  115  128  139  151  159  168  176  180  183  187  191  195  199
  204  211  214  216  220  223  225  227  230  233  234  233  231  229  225  220
  214  207  199  191  179  169  157  147  137  128  121  114  108  102   99   95
   91   86   82   78   74   71   68   63   61
    62.5-180.0 180.0   5.0 450.0                            LAT/LON1/LON2/DLON/H
   65   61   58   57   55   54   55   57   58   60   61   62   64   65   67   73
   78   87   96  108  122  136  149  159  169  177  183  186  188  193  197  201
  208  218  220  219  222  225  226  227  230  234  237  237  235  233  230  225
  219  211  203  192  180  168  156  144  133  121  113  105  100   95   92   88
   85   82   79   76   74   72   70   67   65
    60.0-180.0 180.0   5.0 450.0                            LAT/LON1/LON2/DLON/H
   69   66   62   59   56   54   53   51   51   51   50   51   52   54   55   60
   65   73   83   98  114  128  143  155  167  175  181  186  189  195  199  204
  211  221  227  223  224  226  228  229  232  236  239  240  239  238  234  228
  222  214  204  192  181  169  157  144  132  119  110  102   97   92   89   86
   84   81   78   76   75   74   73   71   69
    57.5-180.0 180.0   5.0 450.0                            LAT/LON1/LON2/DLON/H
   74   70   66   62   57   54   51   48   46   44   42   43   44   44   45   48
   52   60   71   90  108  118  135  150  163  172  180  186  191  198  204  211
  217  224  229  228  228  229  231  233  237  240  243  245  245  243  239  233
  227  217  207  197  185  174  162  149  137  125  115  107  101   97   93   91
   88   85   81   78   77   76   76   75   74
    55.0-180.0 180.0   5.0 450.0                            LAT/LON1/LON2/DLON/H
   77   73   69   65   60   56   52   49   46   43   41   41   40   40   41   42
   45   51   62   82  106  114  130  147  160  171  179  188  195  204  213  220
  226  231  233  234  234  236  238  241  244  248  251  253  253  251  246  240
  232  223  213  205  195  185  173  161  150  138  130  121  115  110  105  102
   98   94   89   84   81   79   79   78   77
    52.5-180.0 180.0   5.0 450.0                            LAT/LON1/LON2/DLON/H
   80   78   73   68   64   60   57   55   52   49   47   45   44   42   41   42
   43   49   59   77  101  115  131  147  161  172  183  194  202  213  222  230
  237  241  243  243  244  246  248  252  255  259  262  263  263  260  255  250
  242  233  224  216  208  198  188  178  168  158  151  142  135  130  124  120
  114  107  101   94   88   85   83   82   80
    50.0-180.0 180.0   5.0 450.0                            LAT/LON1/LON2/DLON/H
   86   83   78   74   70   67   65   63   62   59   56   54   52   49   48   46
   48   53   64   81  101  121  138  154  168  179  191  202  213  223  233  241
  248  252  255  256  257  259  261  266  269  272  275  276  275  273  268  262
  254  247  237  230  222  213  203  195  185  178  172  164  158  152  146  140
  134  126  118  109  101   95   91   88   86
    47.5-180.0 180.0   5.0 450.0                            LAT/LON1/LON2/DLON/H
   94   89   84   80   76   75   74   74   73   71   68   65   63   60   58   57
   57   63   74   92  111  132  149  165  179  190  201  212  223  234  243  251
  258  264  267  269  271  274  277  279  283  285  287  289  288  285  281  275
  268  260  252  246  237  226  215  207  198  191  186  179  173  169  164  158
  153  144  136  125  116  107  101   96   94
    45.0-180.0 180.0   5.0 450.0                            LAT/LON1/LON2/DLON/H
  101   95   91   86   83   83   83   84   84   82   80   77   76   74   71   68
   67   73   86  105  125  145  162  178  190  202  212  223  232  242  250  259
  267  274  278  281  285  288  291  294  296  298  298  299  300  299  294  288
  281  274  267  260  249  236  222  211  200  192  187  182  178  175  171  168
  163  157  148  139  127  118  110  104  101
    42.5-180.0 180.0   5.0 450.0                            LAT/LON1/LON2/DLON/H
  108  101   97   92   90   89   90   91   92   91   89   86   86   84   81   78
   77   83   96  116  138  158  175  189  200  212  222  231  239  247  255  264
  272  282  289  295  299  303  304  308  309  310  310  309  311  310  306  300
  294  288  280  272  258  241  223  205  191  180  176  172  170  168  166  165
  163  160  154  145  135  124  118  111  108
    40.0-180.0 180.0   5.0 450.0                            LAT/LON1/LON2/DLON/H
  112  105  101   96   94   93   94   96   97   96   94   93   92   91   89   87
   86   91  105  125  147  167  183  197  208  220  229  236  243  249  256  266
  278  289  300  308  315  318  322  324  325  325  324  323  325  324  320  316
  310  305  295  284  267  244  220  197  178  166  160  157  155  152  153  153
  154  153  149  144  136  128  120  115  112
    37.5-180.0 180.0   5.0 450.0                            LAT/LON1/LON2/DLON/H
  109  105  102   98   95   94   95   96   98   97   96   96   95   95   94   92
   91   96  110  131  155  174  188  202  212  224  232  239  245  251  259  270
  283  298  312  323  332  339  344  345  347  346  344  344  345  344  340  338
  334  328  316  301  281  254  225  196  173  160  152  146  142  140  140  141
  143  144  142  139  133  126  119  112  109
    35.0-180.0 180.0   5.0 450.0                            LAT/LON1/LON2/DLON/H
  107  102  100   97   94   92   92   94   95   96   95   95   96   96   96   94
   93  100  114  135  158  177  191  203  214  225  235  241  247  255  264  275
  290  307  325  343  357  366  370  374  377  378  376  377  376  377  372  372
  365  360  347  331  310  281  250  217  191  175  163  154  147  141  138  138
  139  140  138  135  128  123  117  110  107
    32.5-180.0 180.0   5.0 450.0                            LAT/LON1/LON2/DLON/H
  102   97   96   94   91   89   89   91   93   94   93   93   94   95   95   94
   95  101  115  136  160  178  191  203  215  227  236  244  252  260  272  284
  301  322  345  371  389  403  408  414  419  424  424  426  425  426  424  419
  411  405  395  380  358  333  303  271  242  222  206  190  177  166  158  153
  151  147  142  136  128  121  114  106  102
    30.0-180.0 180.0   5.0 450.0                            LAT/LON1/LON2/DLON/H
  100   94   92   91   88   86   87   89   91   92   91   91   92   94   95   94
   95  102  118  139  161  178  192  205  218  230  240  250  260  271  283  298
  319  345  375  407  432  450  457  465  472  484  488  490  493  486  489  485
  476  471  461  447  431  409  387  357  326  303  280  255  234  215  201  191
  181  171  159  150  138  127  117  106  100
    27.5-180.0 180.0   5.0 450.0                            LAT/LON1/LON2/DLON/H
  104   96   92   89   86   84   86   89   92   92   91   90   91   93   94   93
   95  104  121  142  163  181  195  210  224  236  247  260  272  287  302  319
  343  377  415  454  485  507  516  524  532  547  557  562  563  563  568  567
  557  553  545  528  520  504  491  464  431  404  375  341  312  286  265  248
  233  212  194  177  161  145  129  114  104
    25.0-180.0 180.0   5.0 450.0                            LAT/LON1/LON2/DLON/H
  121  105   99   93   89   86   88   91   93   94   92   90   90   92   93   93
   96  106  125  148  170  187  202  218  233  246  259  273  291  311  330  348
  375  413  459  510  541  561  575  585  594  610  625  634  641  644  653  653
  642  642  626  618  611  600  593  569  534  504  469  431  398  369  343  321
  293  266  243  216  194  175  154  135  121
    22.5-180.0 180.0   5.0 450.0                            LAT/LON1/LON2/DLON/H
  145  124  110  101   94   91   92   94   96   96   93   91   90   92   93   93
   97  109  131  157  178  196  211  229  245  261  275  292  316  342  366  385
  414  454  507  563  604  615  625  636  647  666  685  700  712  717  725  723
  715  708  697  689  684  674  666  642  606  570  531  497  467  441  416  392
  360  329  300  263  238  212  187  164  145
    20.0-180.0 180.0   5.0 450.0                            LAT/LON1/LON2/DLON/H
  177  150  129  113  101   95   95   99  100   99   94   90   89   91   92   93
   97  112  136  163  186  205  222  241  260  279  296  317  345  378  405  426
  454  495  551  614  654  659  662  671  687  709  731  749  761  767  772  767
  760  749  737  727  719  709  694  661  617  577  541  515  494  479  463  446
  417  386  348  308  283  252  225  199  177
    17.5-180.0 180.0   5.0 450.0                            LAT/LON1/LON2/DLON/H
  213  180  152  128  110   99   97  101  103  100   95   89   88   90   91   92
   97  112  138  167  193  212  231  253  276  298  319  346  378  414  447  467
  490  531  587  647  682  685  685  695  715  739  759  775  783  786  785  781
  770  755  741  728  717  704  676  628  574  532  500  487  478  474  474  466
  447  420  384  350  320  288  264  236  213
    15.0-180.0 180.0   5.0 450.0                            LAT/LON1/LON2/DLON/H
  247  211  177  146  121  105   97  100  104  101   93   87   85   87   89   90
   96  112  138  168  196  218  239  264  290  318  344  375  410  447  478  501
  522  554  606  659  687  692  694  707  729  752  768  778  781  777  771  764
  752  735  719  705  692  669  630  569  507  460  430  426  429  431  442  446
  446  430  403  372  344  320  294  271  247
    12.5-180.0 180.0   5.0 450.0                            LAT/LON1/LON2/DLON/H
  277  240  205  166  134  112  100   99  103  100   91   83   81   83   86   89
   94  109  135  167  197  221  245  272  305  339  371  406  443  479  508  527
  543  570  613  656  680  686  692  708  731  750  761  762  757  747  737  729
  719  703  688  675  658  627  576  502  437  387  359  360  369  376  389  404
  420  419  403  378  356  340  321  297  277
    10.0-180.0 180.0   5.0 450.0                            LAT/LON1/LON2/DLON/H
  302  266  225  182  147  120  104  102  103  100   91   81   78   80   84   87
   92  106  132  165  195  223  250  282  321  361  398  437  473  505  529  547
  559  578  612  645  666  672  682  702  723  737  740  735  722  708  698  691
  685  671  660  647  628  592  534  455  385  339  318  319  330  338  348  364
  386  397  390  371  354  346  335  319  302
     7.5-180.0 180.0   5.0 450.0                            LAT/LON1/LON2/DLON/H
  314  282  243  198  161  132  115  108  108  102   92   81   78   81   84   86
   91  105  132  164  196  226  257  293  336  382  423  465  499  525  543  556
  564  581  608  634  650  658  670  690  709  719  717  708  693  678  668  664
  658  648  640  634  616  581  523  446  372  333  320  323  329  329  330  340
  359  376  374  360  347  342  338  328  314
     5.0-180.0 180.0   5.0 450.0                            LAT/LON1/LON2/DLON/H
  316  288  253  211  172  143  126  118  114  107   95   85   81   83   85   86
   91  107  134  167  200  233  266  304  352  402  446  489  519  538  548  555
  564  583  606  626  636  644  659  679  697  704  701  692  679  668  660  656
  652  646  642  640  629  595  540  470  405  373  366  369  366  349  334  335
  348  363  363  350  339  333  332  327  316
     2.5-180.0 180.0   5.0 450.0                            LAT/LON1/LON2/DLON/H
  308  286  258  219  182  154  138  129  123  113  101   91   86   86   88   88
   94  111  140  174  208  242  277  318  366  416  462  502  529  542  547  552
  566  586  607  620  627  633  649  670  688  698  699  692  683  676  671  666
  664  661  663  666  658  630  585  521  469  447  448  444  428  391  361  349
  354  363  357  343  327  319  319  315  308
