examples/igsg2820.11i
     1.0            IONOSPHERE MAPS     MIX                 IONEX VERSION / TYPE
cmpcmb v1.2          GRL/UWM            25-oct-11 05:43     PGM / RUN BY / DATE 
ionex file containing IGS COMBINED Ionosphere maps          COMMENT             
global ionosphere maps for day 282, 2011                    DESCRIPTION         
IONEX file containing the COMBINED IGS TEC MAPS and DCBs    DESCRIPTION         
      IONEX files of the following IAACs were combined: cod DESCRIPTION         
                                                        esa DESCRIPTION         
                                                        jpl DESCRIPTION         
                                                        upc DESCRIPTION         
Contact address: Andrzej Krankowski                         DESCRIPTION
                 Geodynamics Research Laboratory            DESCRIPTION
                 University of Warmia and Mazury (GRL/UWM)  DESCRIPTION
                 Oczapowski St. 1                           DESCRIPTION
                 10-957-Olsztyn, POLAND                     DESCRIPTION
                 e-mail:  kand@uwm.edu.pl                   DESCRIPTION
                                                            DESCRIPTION         
  2011    10     9     0     0     0                        EPOCH OF FIRST MAP  
  2011    10    10     0     0     0                        EPOCH OF LAST MAP   
  7200                                                      INTERVAL            
    13                                                      # OF MAPS IN FILE   
  COSZ                                                      MAPPING FUNCTION    
     0.0                                                    ELEVATION CUTOFF    
combined TEC calculated as weighted mean of input TEC valuesOBSERVABLES USED    
   371                                                      # OF STATIONS       
    32                                                      # OF SATELLITES     
  6371.0                                                    BASE RADIUS         
     2                                                      MAP DIMENSION       
   450.0 450.0   0.0                                        HGT1 / HGT2 / DHGT  
    87.5 -87.5  -2.5                                        LAT1 / LAT2 / DLAT  
  -180.0 180.0   5.0                                        LON1 / LON2 / DLON  
    -1                                                      EXPONENT            
TEC values in 0.1 tec units;  9999, if no value available   COMMENT             
DCB values in nanoseconds, reference is Sum_of_SatDCBs = 0  COMMENT             
                                                            END OF HEADER       
     1                                                      START OF TEC MAP    
  2011    10     9     0     0     0                        EPOCH OF CURRENT MAP
    87.5-180.0 180.0   5.0 450.0                            LAT/LON1/LON2/DLON/H
  196  197  199  200  201  203  204  204  205  207  206  207  207  207  207  207
  207  206  205  204  202  200  198  197  195  194  191  187  185  181  178  174
  171  168  166  162  160  158  157  156  154  151  151  150  149  149  150  150
  150  149  151  152  154  156  158  160  161  164  166  168  171  173  175  177
  180  182  184  186  188  190  191  194  196
    85.0-180.0 180.0   5.0 450.0                            LAT/LON1/LON2/DLON/H
  217  219  222  226  227  228  230  231  231  233  233  233  232  232  231  228
  226  225  223  222  220  217  215  214  208  200  194  187  181  174  169  164
  159  154  150  146  143  140  137  134  131  129  127  126  124  123  124  123
  124  126  128  130  132  136  141  144  147  151  154  158  161  164  168  172
  176  180  185  191  198  199  207  213  217
    82.5-180.0 180.0   5.0 450.0                            LAT/LON1/LON2/DLON/H
  228  231  234  236  237  238  238  238  237  236  236  236  239  239  241  239
  243  243  241  240  234  234  228  220  209  200  189  183  178  173  166  161
  155  151  145  141  136  132  126  121  118  114  112  110  108  107  107  107
  108  109  111  113  115  120  125  131  136  140  145  149  153  157  162  168
  176  183  191  200  208  214  219  224  228
    80.0-180.0 180.0   5.0 450.0                            LAT/LON1/LON2/DLON/H
  234  239  242  243  243  242  239  237  234  232  231  230  229  229  230  231
  234  238  241  244  244  248  239  214  216  214  208  200  190  177  166  154
  143  133  126  123  119  120  119  118  114  111  107  104  103  101  100  100
  101  102  103  105  108  111  116  121  128  133  138  144  149  154  160  168
  177  185  195  202  210  217  224  230  234
    77.5-180.0 180.0   5.0 450.0                            LAT/LON1/LON2/DLON/H
  244  250  254  257  256  252  248  241  238  234  229  224  222  221  221  222
  223  225  226  231  237  242  246  241  233  225  217  204  188  175  163  150
  138  128  121  115  111  109  109  109  110  108  107  105  103  101  101   99
  100  101  102  104  107  110  115  120  126  131  136  142  147  153  160  169
  177  185  193  203  212  221  230  238  244
    75.0-180.0 180.0   5.0 450.0                            LAT/LON1/LON2/DLON/H
  256  264  269  272  273  267  262  258  248  238  228  222  216  211  208  208
  207  211  216  224  234  239  238  243  235  230  219  206  192  175  155  140
  130  123  118  116  114  112  110  110  110  110  111  109  107  106  105  105
  104  104  106  108  111  115  119  125  129  134  138  143  149  155  160  167
  175  182  192  202  215  226  237  246  256
    72.5-180.0 180.0   5.0 450.0                            LAT/LON1/LON2/DLON/H
  262  272  280  285  287  287  283  273  262  247  235  224  212  202  196  190
  187  187  195  204  219  224  228  230  234  226  219  205  188  171  156  140
  128  122  118  118  117  118  117  117  117  117  117  116  114  111  110  110
  109  109  110  114  118  121  125  130  134  139  143  147  151  154  159  164
  171  178  188  201  214  227  239  251  262
    70.0-180.0 180.0   5.0 450.0                            LAT/LON1/LON2/DLON/H
  264  275  285  292  298  300  299  295  283  267  252  233  216  202  187  176
  168  165  170  180  192  202  213  216  222  215  210  200  184  167  152  140
  131  124  121  119  119  122  122  122  122  121  120  120  118  116  113  112
  112  112  115  117  121  126  131  136  140  144  147  150  153  154  157  161
  166  173  183  195  208  222  237  251  264
    67.5-180.0 180.0   5.0 450.0                            LAT/LON1/LON2/DLON/H
  264  276  287  296  302  308  312  312  306  291  271  248  229  205  186  169
  154  147  148  154  165  179  192  202  204  205  195  186  174  158  148  137
  130  125  122  122  122  124  124  123  121  119  118  117  116  115  113  111
  111  113  115  117  120  124  130  136  142  146  150  152  154  154  156  159
  163  169  178  190  202  218  234  251  264
    65.0-180.0 180.0   5.0 450.0                            LAT/LON1/LON2/DLON/H
  264  275  285  296  303  309  317  321  319  312  295  272  247  217  192  168
  150  136  133  135  144  158  170  179  185  187  179  168  158  148  137  130
  126  122  120  120  120  120  119  117  113  111  110  109  110  109  107  106
  105  107  107  107  108  112  120  130  137  144  149  152  155  157  158  161
  165  170  178  188  201  217  235  251  264
    62.5-180.0 180.0   5.0 450.0                            LAT/LON1/LON2/DLON/H
  266  274  284  294  300  306  315  322  326  325  315  299  270  238  207  178
  157  137  129  127  131  139  148  157  163  164  161  151  142  133  127  122
  119  117  115  114  112  111  107  103  100   98   97   98  101  102  101   98
   96   94   92   89   91   96  106  118  126  137  145  153  157  162  164  169
  173  178  184  194  206  223  240  254  266
    60.0-180.0 180.0   5.0 450.0                            LAT/LON1/LON2/DLON/H
  272  279  286  293  297  303  311  320  327  329  325  315  291  262  231  200
  173  151  137  130  129  131  135  141  144  143  142  135  128  121  117  114
  112  112  109  106  104   99   94   90   86   86   86   89   92   94   93   89
   84   81   77   74   75   82   92  104  115  130  142  155  162  170  175  182
  188  193  199  208  221  235  250  262  272
    57.5-180.0 180.0   5.0 450.0                            LAT/LON1/LON2/DLON/H
  285  289  294  299  299  301  309  317  325  328  327  321  308  287  261  230
  200  175  154  143  138  131  132  133  134  129  126  121  117  112  110  108
  108  108  105  100   96   91   87   83   80   80   83   85   87   88   86   82
   75   70   66   64   64   71   82   94  108  126  142  158  170  181  191  201
  209  216  225  232  243  256  268  277  285
    55.0-180.0 180.0   5.0 450.0                            LAT/LON1/LON2/DLON/H
  303  306  309  310  306  306  310  316  323  327  328  325  317  303  284  263
  234  206  181  163  151  142  139  136  133  127  121  116  111  109  107  106
  106  106  102   98   94   89   86   84   83   83   86   87   88   87   84   80
   74   67   62   60   61   67   79   92  109  128  146  164  179  193  208  222
  234  244  254  263  273  282  291  297  303
    52.5-180.0 180.0   5.0 450.0                            LAT/LON1/LON2/DLON/H
  325  327  328  326  322  319  319  323  326  329  329  326  321  313  302  288
  267  242  219  194  173  161  155  149  144  138  126  121  115  112  111  109
  108  106  104  100   98   95   93   92   91   92   93   93   93   91   87   83
   78   70   64   63   66   73   84   99  116  136  155  173  190  206  224  242
  257  272  283  292  303  309  316  321  325
    50.0-180.0 180.0   5.0 450.0                            LAT/LON1/LON2/DLON/H
  347  349  349  346  342  340  338  336  337  337  334  330  325  320  313  304
  290  272  250  227  202  188  179  171  163  157  143  135  128  122  118  114
  111  110  107  105  105  104  103  103  102  103  102  102  100   98   93   89
   84   78   74   74   77   86   98  112  130  149  166  183  201  219  238  259
  277  294  307  317  326  332  338  343  347
    47.5-180.0 180.0   5.0 450.0                            LAT/LON1/LON2/DLON/H
  364  368  369  367  364  362  361  357  353  351  345  336  331  325  320  314
  305  291  272  249  229  214  205  196  189  179  166  154  143  133  126  118
  114  112  111  110  112  113  114  114  113  113  111  109  107  104  100   96
   92   89   88   88   93  101  114  130  147  165  180  197  213  230  250  272
  291  309  324  334  341  347  353  359  364
    45.0-180.0 180.0   5.0 450.0                            LAT/LON1/LON2/DLON/H
  376  381  383  383  382  382  382  379  374  370  361  350  341  333  326  321
  312  299  282  261  245  231  224  218  211  200  185  170  156  141  129  120
  115  113  112  114  118  120  122  122  122  120  118  115  112  109  106  104
  101  101  101  104  110  120  133  150  168  184  197  211  225  240  259  279
  298  316  330  340  347  354  361  369  376
    42.5-180.0 180.0   5.0 450.0                            LAT/LON1/LON2/DLON/H
  381  388  391  392  394  396  399  398  396  392  381  367  353  342  333  325
  316  303  284  265  251  240  236  232  225  213  197  178  160  143  129  119
  113  111  112  115  120  123  126  127  126  124  121  118  115  113  111  110
  110  112  114  119  126  139  153  171  188  203  214  226  238  250  265  282
  298  314  326  336  344  353  363  373  381
    40.0-180.0 180.0   5.0 450.0                            LAT/LON1/LON2/DLON/H
  386  395  398  399  401  405  410  413  413  411  402  387  370  356  344  332
  320  305  286  268  253  244  240  237  230  217  199  178  158  141  128  117
  110  108  110  115  121  125  128  129  128  126  122  119  117  116  115  116
  118  120  123  129  138  151  167  186  203  218  229  240  249  259  269  281
  293  306  316  326  336  348  363  376  386
    37.5-180.0 180.0   5.0 450.0                            LAT/LON1/LON2/DLON/H
  396  406  409  407  408  412  419  424  428  427  421  408  391  374  358  343
  328  311  290  272  255  245  240  236  228  213  194  174  156  140  128  117
  110  109  111  116  122  127  130  131  129  127  124  122  121  120  121  122
  123  125  128  133  143  157  174  194  212  228  241  251  260  267  274  281
  288  297  307  318  331  347  366  383  396
    35.0-180.0 180.0   5.0 450.0                            LAT/LON1/LON2/DLON/H
  418  429  431  427  424  426  430  435  440  442  438  427  414  394  376  360
  342  322  299  278  258  246  238  231  221  206  189  175  159  141  131  124
  119  118  120  125  130  133  135  135  134  132  130  129  128  128  128  127
  125  125  128  132  141  156  174  196  217  235  249  262  272  279  283  287
  291  298  308  321  338  358  380  401  418
    32.5-180.0 180.0   5.0 450.0                            LAT/LON1/LON2/DLON/H
  456  470  472  465  456  455  453  454  456  458  453  446  432  416  398  380
  360  339  313  287  263  246  234  224  213  198  185  177  165  150  145  142
  140  138  139  143  146  150  148  145  143  141  139  138  137  136  134  130
  125  122  123  127  137  151  172  195  218  239  257  273  285  294  299  304
  308  315  326  342  362  385  410  435  456
    30.0-180.0 180.0   5.0 450.0                            LAT/LON1/LON2/DLON/H
  513  530  533  526  515  504  494  488  483  478  473  464  453  437  419  401
  382  359  329  297  267  243  228  217  208  195  187  183  177  172  172  174
  173  169  168  172  173  177  170  161  156  153  151  150  147  143  138  131
  122  117  117  121  133  148  169  194  218  243  264  284  300  314  325  333
  341  351  366  386  408  433  462  490  513
    27.5-180.0 180.0   5.0 450.0                            LAT/LON1/LON2/DLON/H
  589  608  616  609  597  581  564  544  528  513  501  487  473  458  439  420
  401  376  342  302  268  240  223  216  210  203  200  202  204  208  214  220
  220  210  208  209  208  211  198  181  172  167  164  161  155  147  139  128
  118  111  109  115  128  144  167  193  220  248  274  298  319  338  357  373
  390  406  430  451  476  506  533  560  589
    25.0-180.0 180.0   5.0 450.0                            LAT/LON1/LON2/DLON/H
  672  693  713  711  697  679  655  623  592  564  540  516  497  478  458  438
  416  387  349  303  265  237  224  223  225  226  230  239  248  257  265  272
  270  258  250  248  244  243  230  207  192  182  176  170  161  150  138  124
  112  104  103  109  121  138  164  193  224  255  284  313  340  367  394  420
  446  469  504  528  557  590  617  647  672
    22.5-180.0 180.0   5.0 450.0                            LAT/LON1/LON2/DLON/H
  754  782  805  818  809  788  763  720  675  633  592  554  526  503  479  456
  428  393  350  301  260  239  234  241  253  266  278  292  305  312  318  320
  314  300  287  281  273  272  255  229  208  194  184  175  164  150  134  117
  104   97   96  101  112  131  160  193  228  262  293  326  360  395  429  464
  499  533  572  602  637  672  701  729  754
    20.0-180.0 180.0   5.0 450.0                            LAT/LON1/LON2/DLON/H
  812  846  885  916  920  904  868  823  769  708  650  604  564  532  502  474
  439  396  347  297  260  248  254  273  295  316  335  353  364  367  364  358
  346  330  314  302  290  284  264  239  217  200  189  178  165  148  129  111
   97   89   88   93  104  125  156  193  231  267  301  338  377  418  458  498
  539  580  616  654  696  731  763  788  812
    17.5-180.0 180.0   5.0 450.0                            LAT/LON1/LON2/DLON/H
  831  872  925  971  994  992  966  925  862  789  718  660  609  568  530  495
  456  406  350  300  268  267  289  318  346  370  392  409  414  409  397  383
  366  346  324  305  290  279  261  240  218  203  191  178  161  143  122  102
   89   82   82   87   99  121  155  193  233  271  308  349  393  437  480  521
  561  598  633  668  702  742  779  803  831
    15.0-180.0 180.0   5.0 450.0                            LAT/LON1/LON2/DLON/H
  802  851  912  969 1012 1031 1021  989  933  857  783  717  659  612  568  529
  482  430  370  320  294  304  338  374  404  427  441  450  447  433  412  391
  371  345  318  293  275  261  248  230  212  199  187  172  155  136  114   94
   83   79   77   82   93  116  152  193  234  275  314  358  406  452  495  534
  569  599  627  654  681  714  750  769  802
    12.5-180.0 180.0   5.0 450.0                            LAT/LON1/LON2/DLON/H
  739  790  846  915  974 1013 1021 1005  964  899  832  766  710  665  615  574
  526  474  412  365  345  361  402  438  461  474  473  469  453  431  405  383
  361  333  301  272  254  240  229  216  203  191  179  164  147  127  108   92
   83   78   74   75   84  107  145  189  232  275  316  361  411  458  500  536
  565  587  607  624  642  663  687  710  739
    10.0-180.0 180.0   5.0 450.0                            LAT/LON1/LON2/DLON/H
  662  707  765  832  898  949  974  975  952  906  854  799  751  712  671  628
  584  534  476  433  419  436  475  495  496  495  479  460  436  409  384  365
  344  316  283  251  232  219  211  201  192  181  167  154  135  120  106   94
   85   77   70   69   75   99  137  184  226  269  311  357  409  457  497  529
  553  569  580  588  600  613  629  641  662
     7.5-180.0 180.0   5.0 450.0                            LAT/LON1/LON2/DLON/H
  602  633  679  738  800  856  896  916  908  886  852  816  781  750  719  684
  648  604  552  517  507  522  544  537  512  490  456  428  402  379  361  347
  329  302  269  235  216  202  197  190  179  169  156  145  129  118  108   97
   87   77   68   65   71   95  134  178  221  262  304  351  403  453  493  522
  542  555  560  563  571  578  586  591  602
     5.0-180.0 180.0   5.0 450.0                            LAT/LON1/LON2/DLON/H
  570  582  611  657  711  764  807  837  847  845  832  812  794  773  753  731
  706  675  635  608  595  601  601  567  514  464  416  387  367  354  349  340
  326  300  266  230  210  195  191  182  170  159  148  137  127  118  109   98
   87   78   70   65   72   96  135  180  222  260  299  345  396  445  486  518
  539  551  556  559  567  573  575  572  570
     2.5-180.0 180.0   5.0 450.0                            LAT/LON1/LON2/DLON/H
  573  566  578  609  650  694  734  766  786  798  799  795  789  780  769  759
  747  731  704  683  666  657  636  578  498  423  375  355  346  347  353  350
  337  312  277  239  215  201  194  181  168  156  144  135  127  118  108   97
   89   82   75   71   78  101  141  186  228  262  297  340  389  437  480  514
  543  560  569  576  587  596  598  588  573
