examples/igsg2840.11i
     1.0            IONOSPHERE MAPS     MIX                 IONEX VERSION / TYPE
cmpcmb v1.2          GRL/UWM            25-oct-11 05:54     PGM / RUN BY / DATE 
ionex file containing IGS COMBINED Ionosphere maps          COMMENT             
global ionosphere maps for day 284, 2011                    DESCRIPTION         
IONEX file containing the COMBINED IGS TEC MAPS and DCBs    DESCRIPTION         
      IONEX files of the following IAACs were combined: cod DESCRIPTION         
                                                        esa DESCRIPTION         
                                                        jpl DESCRIPTION         
                                                        upc DESCRIPTION         
Contact address: Andrzej Krankowski                         DESCRIPTION
                 Geodynamics Research Laboratory            DESCRIPTION
                 University of Warmia and Mazury (GRL/UWM)  DESCRIPTION
                 Oczapowski St. 1                           DESCRIPTION
                 10-957-Olsztyn, POLAND                     DESCRIPTION
                 e-mail:  kand@uwm.edu.pl                   DESCRIPTION
                                                            DESCRIPTION         
  2011    10    11     0     0     0                        EPOCH OF FIRST MAP  
  2011    10    12     0     0     0                        EPOCH OF LAST MAP   
  7200                                                      INTERVAL            
    13                                                      # OF MAPS IN FILE   
  COSZ                                                      MAPPING FUNCTION    
     0.0                                                    ELEVATION CUTOFF    
combined TEC calculated as weighted mean of input TEC valuesOBSERVABLES USED    
   375                                                      # OF STATIONS       
    32                                                      # OF SATELLITES     
  6371.0                                                    BASE RADIUS         
     2                                                      MAP DIMENSION       
   450.0 450.0   0.0                                        HGT1 / HGT2 / DHGT  
    87.5 -87.5  -2.5                                        LAT1 / LAT2 / DLAT  
  -180.0 180.0   5.0                                        LON1 / LON2 / DLON  
    -1                                                      EXPONENT            
TEC values in 0.1 tec units;  9999, if no value available   COMMENT             
DCB values in nanoseconds, reference is Sum_of_SatDCBs = 0  COMMENT             
                                                            END OF HEADER       
[from data line 4719]
    12                                                      START OF TEC MAP    
  2011    10    11    22     0     0                        EPOCH OF CURRENT MAP
    87.5-180.0 180.0   5.0 450.0                            LAT/LON1/LON2/DLON/H
  131  133  133  135  136  137  138  139  140  141  142  142  143  144  144  144
  144  144  144  144  143  143  141  141  140  139  138  136  135  133  132  130
  128  127  125  123  123  122  121  120  120  119  119  118  118  119  120  120
  120  120  121  121  122  122  122  123  123  123  124  124  124  124  125  125
  126  126  127  127  128  129  130  131  131
    85.0-180.0 180.0   5.0 450.0                            LAT/LON1/LON2/DLON/H
  134  136  137  139  141  142  144  147  149  152  154  155  159  160  161  164
  164  164  164  162  162  160  159  157  154  150  147  142  138  135  131  128
  125  122  120  116  114  113  111  109  109  108  108  108  109  110  111  112
  114  116  118  119  121  122  122  123  123  124  125  124  125  125  125  125
  126  127  128  129  130  131  132  133  134
    82.5-180.0 180.0   5.0 450.0                            LAT/LON1/LON2/DLON/H
  138  141  143  145  148  151  154  158  162  165  170  173  178  180  182  185
  185  186  185  184  182  179  178  175  170  165  159  154  147  140  136  129
  124  118  114  110  107  105  104  103  102  102  103  102  103  105  107  109
  111  114  116  118  120  122  123  124  125  125  126  126  126  126  126  128
  128  130  130  131  132  133  135  136  138
    80.0-180.0 180.0   5.0 450.0                            LAT/LON1/LON2/DLON/H
  145  147  150  152  157  161  167  172  177  184  188  193  197  201  205  207
  209  209  208  206  203  197  193  187  183  175  167  160  152  143  136  129
  121  114  106  101   97   94   93   93   93   94   95   97   99  102  104  107
  109  111  114  117  119  120  122  122  123  123  124  124  125  126  127  129
  130  131  133  135  136  138  140  143  145
    77.5-180.0 180.0   5.0 450.0                            LAT/LON1/LON2/DLON/H
  156  159  161  167  172  177  184  189  195  201  206  211  214  217  220  224
  226  226  221  218  215  211  203  197  185  179  173  165  157  147  135  124
  117  110  104  100   95   91   88   86   86   87   88   92   95   98  101  104
  106  108  110  113  115  115  115  116  116  117  117  117  119  121  123  126
  129  131  135  139  142  146  148  152  156
    75.0-180.0 180.0   5.0 450.0                            LAT/LON1/LON2/DLON/H
  170  174  180  185  191  197  202  209  214  218  222  227  231  235  239  238
  237  233  230  225  218  212  203  195  186  179  166  157  150  142  136  129
  118  109  102   97   92   88   85   83   83   84   86   89   92   95   98  100
  101  102  104  105  106  106  105  104  103  103  103  105  106  109  113  118
  123  130  136  142  148  154  160  166  170
    72.5-180.0 180.0   5.0 450.0                            LAT/LON1/LON2/DLON/H
  185  193  198  204  211  216  223  228  233  240  246  252  256  258  255  251
  248  239  233  223  217  206  197  188  175  171  162  152  143  135  130  124
  117  108  102   96   91   87   84   83   82   82   84   87   90   92   94   94
   93   93   93   93   92   91   90   88   87   86   86   87   89   93  100  107
  115  125  134  143  153  162  171  178  185
    70.0-180.0 180.0   5.0 450.0                            LAT/LON1/LON2/DLON/H
  201  209  215  222  229  236  242  249  255  261  268  273  275  274  271  264
  254  247  234  222  211  198  189  180  167  159  154  145  137  132  124  119
  113  107  100   94   89   86   84   83   83   83   83   85   86   87   87   86
   84   83   81   79   77   74   72   69   68   67   68   70   73   78   86   96
  107  119  130  141  157  171  181  191  201
    67.5-180.0 180.0   5.0 450.0                            LAT/LON1/LON2/DLON/H
  213  222  229  236  243  252  259  265  272  278  283  286  289  288  282  273
  263  251  236  222  207  193  185  174  162  152  147  138  134  128  122  116
  112  106  100   93   87   83   81   80   81   82   83   80   80   81   79   77
   73   71   68   65   63   59   56   54   53   53   54   56   61   68   77   89
  102  115  127  143  161  178  191  203  213
    65.0-180.0 180.0   5.0 450.0                            LAT/LON1/LON2/DLON/H
  222  230  240  247  255  263  270  278  284  290  294  297  300  299  294  282
  274  258  245  228  212  198  188  174  163  151  145  138  133  128  123  116
  112  107  101   94   86   80   76   75   76   79   80   76   75   74   72   68
   64   61   58   55   52   49   47   46   45   45   46   50   55   65   74   88
  101  116  131  148  166  183  198  211  222
    62.5-180.0 180.0   5.0 450.0                            LAT/LON1/LON2/DLON/H
  228  237  247  255  263  273  281  288  293  298  302  308  309  306  301  292
  283  271  260  242  227  212  201  185  172  161  150  145  140  135  129  121
  115  107   99   92   84   77   72   70   71   73   75   74   72   70   68   64
   59   55   52   49   47   45   44   43   44   45   47   51   58   68   79   93
  107  122  137  154  172  190  203  218  228
    60.0-180.0 180.0   5.0 450.0                            LAT/LON1/LON2/DLON/H
  233  242  250  261  270  280  288  295  300  304  309  314  315  313  307  302
  295  285  276  261  247  232  220  203  188  176  164  158  150  143  136  128
  119  108   97   89   81   75   70   68   69   71   74   75   74   71   68   63
   58   54   50   49   48   47   47   48   50   52   54   59   67   78   90  104
  118  132  147  161  180  197  211  223  233
    57.5-180.0 180.0   5.0 450.0                            LAT/LON1/LON2/DLON/H
  237  245  255  266  278  287  296  303  308  310  317  319  319  317  315  311
  305  297  288  277  265  252  238  221  206  191  178  170  160  152  144  134
  124  111   97   87   80   76   73   70   72   75   78   80   78   76   71   66
   61   58   55   54   53   55   56   57   60   64   67   73   82   93  106  118
  131  144  158  172  187  204  217  227  237
    55.0-180.0 180.0   5.0 450.0                            LAT/LON1/LON2/DLON/H
  242  251  262  273  286  296  305  312  316  319  323  325  323  323  322  317
  311  304  297  288  278  264  249  233  217  202  190  181  170  161  152  141
  129  114  100   90   83   80   78   78   80   84   87   89   87   84   79   74
   69   65   63   62   63   65   67   69   71   75   80   86   96  108  121  134
  146  159  170  183  197  211  224  233  242
    52.5-180.0 180.0   5.0 450.0                            LAT/LON1/LON2/DLON/H
  252  261  271  284  298  310  320  324  328  329  330  331  330  330  327  322
  315  309  300  293  283  270  255  240  225  211  200  191  182  171  160  146
  133  119  105   95   89   88   88   90   93   96   99  100   99   95   91   85
   80   76   74   73   74   77   79   81   82   86   90   96  107  121  136  149
  160  172  183  194  208  221  233  243  252
    50.0-180.0 180.0   5.0 450.0                            LAT/LON1/LON2/DLON/H
  264  274  286  300  314  328  337  343  344  343  342  341  340  338  334  327
  319  312  303  293  284  272  259  245  232  221  210  202  192  182  165  149
  134  120  108  100   98   98   99  103  106  110  112  113  113  108  103   98
   92   90   88   87   88   90   92   92   92   95   98  104  116  131  147  161
  173  184  196  207  220  235  246  256  264
    47.5-180.0 180.0   5.0 450.0                            LAT/LON1/LON2/DLON/H
  280  291  302  318  334  348  358  363  363  361  357  354  350  346  343  335
  325  317  305  292  282  272  261  249  239  230  220  212  200  186  169  148
  131  119  110  105  105  107  111  116  120  124  126  127  125  122  116  111
  105  102  101  101  102  104  104  104  102  101  103  110  123  138  155  170
  183  194  206  219  233  248  261  272  280
    45.0-180.0 180.0   5.0 450.0                            LAT/LON1/LON2/DLON/H
  297  307  320  335  352  366  378  383  382  380  375  371  362  356  353  348
  335  323  308  294  284  274  267  256  247  238  229  218  203  184  164  143
  125  114  110  108  110  116  122  128  134  137  138  137  136  132  126  121
  116  114  113  113  114  115  114  112  108  105  106  113  126  144  160  177
  190  201  214  229  246  260  275  287  297
    42.5-180.0 180.0   5.0 450.0                            LAT/LON1/LON2/DLON/H
  312  323  336  351  367  382  393  399  399  397  391  386  377  372  370  364
  350  334  316  304  293  283  277  267  259  247  235  219  200  177  153  132
  116  109  108  110  115  123  132  138  143  145  146  145  144  139  134  129
  126  124  123  123  122  122  119  115  108  105  105  113  127  145  164  181
  194  206  219  234  252  270  287  300  312
    40.0-180.0 180.0   5.0 450.0                            LAT/LON1/LON2/DLON/H
  324  337  349  362  377  391  402  409  412  409  406  402  397  395  392  384
  369  352  334  321  309  301  293  284  273  257  240  219  194  167  142  121
  109  106  108  113  121  129  137  144  148  150  150  150  147  143  138  133
  131  130  129  129  126  123  119  113  106  101  102  110  125  145  166  183
  196  208  220  236  255  275  294  310  324
    37.5-180.0 180.0   5.0 450.0                            LAT/LON1/LON2/DLON/H
  334  347  359  370  381  394  403  410  417  420  421  420  419  416  414  406
  393  377  360  345  333  323  316  304  287  265  243  217  189  161  137  119
  111  111  114  119  127  135  142  147  150  152  152  151  147  142  138  133
  130  129  130  129  126  120  114  108  101   97   97  105  122  144  166  184
  198  209  222  237  257  276  297  317  334
    35.0-180.0 180.0   5.0 450.0                            LAT/LON1/LON2/DLON/H
  342  356  367  376  384  393  400  408  417  426  431  434  435  436  433  428
  416  403  387  373  361  350  341  323  299  272  245  218  190  164  143  130
  126  129  131  134  138  142  146  148  151  151  152  151  146  140  135  130
  128  128  129  127  124  117  111  104   98   93   93  102  120  145  168  188
  202  213  225  240  259  279  301  324  342
    32.5-180.0 180.0   5.0 450.0                            LAT/LON1/LON2/DLON/H
  355  368  378  385  390  393  398  405  419  429  439  446  450  453  452  448
  440  429  413  399  387  375  364  338  309  279  250  224  201  181  166  159
  158  161  161  158  156  153  152  152  153  152  152  152  146  139  133  129
  127  127  128  126  121  114  107  100   95   90   91  101  120  148  173  194
  208  220  233  247  265  286  310  334  355
    30.0-180.0 180.0   5.0 450.0                            LAT/LON1/LON2/DLON/H
  375  390  398  402  402  401  404  411  424  436  449  459  463  468  468  466
  461  451  436  421  407  394  378  347  315  287  261  241  227  214  208  207
  209  211  204  194  179  168  162  159  158  155  154  155  150  143  137  133
  131  130  129  126  121  113  106  100   94   90   91  101  123  151  179  203
  219  231  245  259  277  299  325  352  375
    27.5-180.0 180.0   5.0 450.0                            LAT/LON1/LON2/DLON/H
  406  425  433  431  427  424  426  430  441  454  467  476  482  485  486  485
  479  469  454  437  420  405  384  353  324  302  284  273  268  265  265  267
  277  273  257  239  207  185  175  170  165  160  160  161  158  152  147  144
  141  139  134  129  123  116  109  102   95   91   92  103  125  156  187  213
  231  246  262  278  297  321  349  381  406
    25.0-180.0 180.0   5.0 450.0                            LAT/LON1/LON2/DLON/H
  450  470  479  477  470  465  469  472  477  487  498  506  511  514  510  505
  496  486  469  449  430  412  389  363  340  326  319  321  326  328  332  336
  344  338  322  296  238  207  193  185  177  171  171  175  172  168  164  162
  158  152  142  134  126  119  113  106   99   93   94  106  128  161  195  223
  244  262  283  302  326  351  383  420  450
    22.5-180.0 180.0   5.0 450.0                            LAT/LON1/LON2/DLON/H
  502  527  538  541  534  530  529  530  532  538  543  551  555  556  546  534
  518  504  484  463  442  422  400  379  365  362  371  387  398  398  398  398
  404  401  377  345  284  232  213  204  195  187  188  192  191  187  184  183
  179  167  152  139  129  121  114  108  101   95   95  107  132  166  201  231
  256  280  304  328  358  386  423  466  502
    20.0-180.0 180.0   5.0 450.0                            LAT/LON1/LON2/DLON/H
  555  587  603  610  609  611  609  610  606  606  607  613  614  612  595  573
  550  531  510  486  462  442  422  406  401  413  440  463  477  466  455  446
  444  436  410  366  305  259  236  224  215  210  212  213  211  206  204  202
  196  182  161  144  131  122  117  110  103   97   98  110  135  169  205  236
  264  292  322  354  388  423  464  514  555
    17.5-180.0 180.0   5.0 450.0                            LAT/LON1/LON2/DLON/H
  600  638  662  676  684  692  698  700  691  687  684  688  687  680  656  627
  596  575  550  523  497  476  457  447  452  480  519  546  551  521  490  471
  458  440  411  361  309  272  252  240  234  230  233  230  227  221  217  213
  207  189  164  145  133  125  120  114  107  101  101  114  139  174  210  242
  269  300  335  374  414  454  501  553  600
    15.0-180.0 180.0   5.0 450.0                            LAT/LON1/LON2/DLON/H
  628  671  704  726  748  763  779  786  778  767  766  770  768  760  729  698
  662  636  608  580  551  527  508  504  518  553  596  617  599  541  489  462
  441  420  392  347  306  280  265  255  249  246  248  244  237  228  218  213
  204  187  162  144  133  127  122  117  112  105  106  120  145  180  216  248
  276  309  348  390  434  481  531  580  628
    12.5-180.0 180.0   5.0 450.0                            LAT/LON1/LON2/DLON/H
  639  680  715  744  779  810  834  846  846  836  842  843  840  837  815  778
  743  716  682  653  623  598  576  574  589  623  660  663  607  527  458  423
  400  391  366  332  306  288  277  267  259  254  256  249  239  224  210  200
  192  176  156  141  131  126  123  120  116  109  110  124  152  187  225  256
  284  318  359  404  449  497  548  595  639
    10.0-180.0 180.0   5.0 450.0                            LAT/LON1/LON2/DLON/H
  636  671  701  733  770  814  848  871  878  876  883  895  901  899  889  860
  830  807  774  742  709  677  657  652  658  677  691  658  574  479  404  368
  359  364  351  330  312  300  290  276  264  257  256  244  231  213  196  185
  174  160  146  134  126  123  122  122  119  113  113  128  157  194  233  265
  292  326  368  414  460  507  556  600  636
     7.5-180.0 180.0   5.0 450.0                            LAT/LON1/LON2/DLON/H
  630  655  678  704  736  781  823  855  869  878  892  910  923  932  933  921
  904  888  863  831  794  760  738  722  715  705  677  606  511  416  343  315
  326  349  352  340  328  318  304  284  264  251  247  232  217  198  181  168
  156  144  135  127  121  121  124  127  123  118  118  132  162  202  241  272
  302  335  377  423  468  513  559  599  630
     5.0-180.0 180.0   5.0 450.0                            LAT/LON1/LON2/DLON/H
  626  644  659  675  700  736  777  814  833  849  867  888  908  926  940  946
  944  938  921  893  857  822  796  771  749  706  633  538  444  359  299  291
  325  362  375  369  358  343  319  289  260  240  232  215  200  182  164  150
  139  132  125  120  117  120  127  132  130  124  124  137  167  207  247  279
  310  346  386  433  476  519  562  599  626
     2.5-180.0 180.0   5.0 450.0                            LAT/LON1/LON2/DLON/H
  629  645  653  662  675  697  731  768  790  806  821  840  864  889  913  931
  941  945  937  915  882  850  821  793  756  686  586  485  396  327  287  302
  354  397  415  410  394  370  336  294  255  228  216  198  184  164  147  135
  128  125  120  117  115  119  129  136  137  130  130  144  173  213  252  285
  317  352  393  436  480  522  566  604  629
