examples/igsg2850.11i
     1.0            IONOSPHERE MAPS     MIX                 IONEX VERSION / TYPE
cmpcmb v1.2          GRL/UWM            25-oct-11 06:00     PGM / RUN BY / DATE 
ionex file containing IGS COMBINED Ionosphere maps          COMMENT             
global ionosphere maps for day 285, 2011                    DESCRIPTION         
IONEX file containing the COMBINED IGS TEC MAPS and DCBs    DESCRIPTION         
      IONEX files of the following IAACs were combined: cod DESCRIPTION         
                                                        esa DESCRIPTION         
                                                        jpl DESCRIPTION         
                                                        upc DESCRIPTION         
Contact address: Andrzej Krankowski                         DESCRIPTION
                 Geodynamics Research Laboratory            DESCRIPTION
                 University of Warmia and Mazury (GRL/UWM)  DESCRIPTION
                 Oczapowski St. 1                           DESCRIPTION
                 10-957-Olsztyn, POLAND                     DESCRIPTION
                 e-mail:  kand@uwm.edu.pl                   DESCRIPTION
                                                            DESCRIPTION         
  2011    10    12     0     0     0                        EPOCH OF FIRST MAP  
  2011    10    13     0     0     0                        EPOCH OF LAST MAP   
  7200                                                      INTERVAL            
    13                                                      # OF MAPS IN FILE   
  COSZ                                                      MAPPING FUNCTION    
     0.0                                                    ELEVATION CUTOFF    
combined TEC calculated as weighted mean of input TEC valuesOBSERVABLES USED    
   370                                                      # OF STATIONS       
    32                                                      # OF SATELLITES     
  6371.0                                                    BASE RADIUS         
     2                                                      MAP DIMENSION       
   450.0 450.0   0.0                                        HGT1 / HGT2 / DHGT  
    87.5 -87.5  -2.5                                        LAT1 / LAT2 / DLAT  
  -180.0 180.0   5.0                                        LON1 / LON2 / DLON  
    -1                                                      EXPONENT            
TEC values in 0.1 tec units;  9999, if no value available   COMMENT             
DCB values in nanoseconds, reference is Sum_of_SatDCBs = 0  COMMENT             
                                                            END OF HEADER       
     1                                                      START OF TEC MAP    
  2011    10    12     0     0     0                        EPOCH OF CURRENT MAP
    87.5-180.0 180.0   5.0 450.0                            LAT/LON1/LON2/DLON/H
  120  120  122  122  123  123  124  124  125  125  126  126  126  127  126  126
  126  126  125  125  124  123  122  121  120  119  118  117  116  115  114  112
  112  111  110  109  109  108  108  107  107  107  107  107  107  107  107  107
  108  108  108  109  109  109  109  109  110  110  111  111  112  112  113  114
  114  115  115  116  117  118  118  119  120
    85.0-180.0 180.0   5.0 450.0                            LAT/LON1/LON2/DLON/H
  136  136  137  140  141  142  144  144  145  145  146  146  146  147  147  146
  146  146  146  144  143  141  139  136  134  131  128  126  123  121  118  116
  113  110  108  106  104  103  102  101  101  101  101  101  101  103  103  105
  107  109  110  111  113  114  114  114  115  115  116  117  118  119  121  121
  123  125  127  130  132  132  133  135  136
    82.5-180.0 180.0   5.0 450.0                            LAT/LON1/LON2/DLON/H
  157  159  159  160  161  162  163  165  166  167  169  170  171  172  173  174
  174  173  171  168  164  161  157  152  149  147  144  138  133  126  122  115
  111  106  104  101   99   97   97   97   98   99  100  101  102  104  104  104
  106  107  110  112  114  116  118  119  121  122  124  126  127  130  132  135
  138  141  143  146  148  151  152  154  157
    80.0-180.0 180.0   5.0 450.0                            LAT/LON1/LON2/DLON/H
  175  175  176  177  180  181  183  183  184  186  187  189  191  193  194  195
  196  195  194  193  188  184  174  175  167  161  154  148  140  132  125  118
  111  106  101   98   97   94   94   95   96   97  100  101  102  105  106  107
  107  108  109  110  112  114  117  120  123  126  129  132  136  140  144  148
  152  156  159  163  167  169  172  174  175
    77.5-180.0 180.0   5.0 450.0                            LAT/LON1/LON2/DLON/H
  196  198  198  201  204  205  205  204  206  206  207  207  207  208  210  210
  207  207  207  207  202  196  186  182  175  168  161  153  145  136  127  119
  113  106  100   97   95   94   95   96   97   98  100  101  102  102  102  103
  104  104  104  105  106  109  112  116  120  125  130  136  142  148  153  159
  164  169  174  179  183  188  192  195  196
    75.0-180.0 180.0   5.0 450.0                            LAT/LON1/LON2/DLON/H
  218  221  223  225  225  224  224  226  227  226  224  225  224  224  220  220
  219  216  211  210  204  198  186  182  177  170  162  153  143  133  126  119
  112  107  103   97   96   94   94   96   97   98   99   98   98   96   96   94
   93   93   93   94   95   97  102  108  113  120  127  135  144  151  158  165
  172  179  186  192  198  205  210  214  218
    72.5-180.0 180.0   5.0 450.0                            LAT/LON1/LON2/DLON/H
  237  240  243  242  241  241  242  242  243  241  240  239  238  234  230  226
  220  214  211  203  199  192  178  177  170  163  155  151  143  132  123  117
  111  105  101   97   96   93   93   94   94   94   93   90   87   85   84   81
   79   77   77   77   78   82   88   95  104  113  122  132  143  152  161  170
  179  186  194  203  210  218  226  232  237
    70.0-180.0 180.0   5.0 450.0                            LAT/LON1/LON2/DLON/H
  251  255  257  257  256  255  256  257  257  257  256  253  247  241  233  225
  215  206  197  191  186  178  167  168  164  155  148  144  137  129  121  113
  107  102   98   94   93   90   89   88   87   85   82   79   74   70   68   67
   63   61   59   59   62   66   74   82   95  106  118  131  142  154  165  175
  184  192  201  210  218  228  237  245  251
    67.5-180.0 180.0   5.0 450.0                            LAT/LON1/LON2/DLON/H
  260  266  268  268  268  266  267  268  268  268  265  260  254  244  233  220
  207  194  182  178  170  161  154  154  155  149  142  134  130  122  114  108
  101   96   91   88   87   83   80   79   77   73   71   66   61   58   54   52
   48   47   46   47   49   55   64   73   86  101  115  130  144  157  169  179
  190  198  206  215  223  235  245  255  260
    65.0-180.0 180.0   5.0 450.0                            LAT/LON1/LON2/DLON/H
  267  272  276  277  276  275  273  273  273  274  272  267  260  249  236  219
  205  187  175  167  157  148  141  143  142  140  134  128  123  116  109  102
   96   90   84   81   78   76   72   69   66   62   59   55   52   48   45   43
   40   39   39   40   43   50   58   70   84  100  116  133  148  164  175  187
  197  204  212  219  228  240  251  260  267
    62.5-180.0 180.0   5.0 450.0                            LAT/LON1/LON2/DLON/H
  272  279  284  284  283  280  277  274  273  276  275  274  267  257  242  224
  210  189  178  165  152  143  135  137  134  133  129  125  119  114  107   99
   92   86   80   75   72   69   65   61   57   54   51   50   48   46   44   41
   39   38   38   38   41   48   58   71   86  104  121  140  155  171  184  198
  207  213  219  224  232  244  255  264  272
    60.0-180.0 180.0   5.0 450.0                            LAT/LON1/LON2/DLON/H
  280  287  292  292  289  285  280  274  272  276  277  276  270  261  248  232
  219  201  190  176  160  150  141  138  137  134  130  126  121  116  108  100
   92   85   78   73   69   65   61   56   53   51   50   51   51   51   50   47
   45   43   42   42   46   53   63   77   92  111  130  149  165  182  195  210
  219  225  229  233  241  250  261  270  280
    57.5-180.0 180.0   5.0 450.0                            LAT/LON1/LON2/DLON/H
  291  299  303  303  298  292  288  282  279  279  278  275  270  262  250  239
  229  216  204  190  178  166  155  146  144  139  134  130  125  119  110  101
   93   86   78   72   69   65   61   58   56   56   57   60   61   62   62   59
   57   53   52   52   54   61   71   85  101  121  139  159  175  192  207  221
  233  239  243  247  253  261  271  281  291
    55.0-180.0 180.0   5.0 450.0                            LAT/LON1/LON2/DLON/H
  307  315  319  319  313  306  299  293  289  285  281  276  270  262  252  245
  236  227  216  205  193  180  169  157  152  146  139  134  129  123  115  104
   95   87   80   75   72   69   66   66   66   67   71   74   76   77   76   74
   71   67   64   64   65   71   80   94  111  131  149  167  182  200  218  232
  244  252  259  265  271  278  288  297  307
    52.5-180.0 180.0   5.0 450.0                            LAT/LON1/LON2/DLON/H
  326  335  339  339  333  325  315  304  299  295  288  278  270  263  255  247
  240  232  223  213  202  189  178  166  158  150  144  138  133  127  120  109
   99   90   84   81   79   77   78   79   80   83   86   89   92   92   90   90
   86   80   76   75   77   82   91  105  121  141  158  175  190  205  223  239
  253  265  274  282  291  298  307  316  326
    50.0-180.0 180.0   5.0 450.0                            LAT/LON1/LON2/DLON/H
  347  356  360  360  354  346  332  315  309  306  300  287  274  264  256  248
  241  235  227  218  208  195  184  172  163  155  149  143  137  131  123  114
  103   96   91   89   89   89   91   94   96  100  102  105  106  106  104  103
   97   91   88   86   86   91  101  115  132  150  166  181  195  209  226  242
  258  273  286  297  307  317  326  337  347
    47.5-180.0 180.0   5.0 450.0                            LAT/LON1/LON2/DLON/H
  365  373  378  378  373  365  348  328  324  324  316  298  283  271  261  250
  243  236  228  220  210  199  189  178  169  161  154  147  140  132  124  113
  104   98   96   96   98  100  104  108  112  115  118  119  119  118  114  110
  105  101   98   95   94   99  109  124  141  159  174  188  201  212  227  243
  260  278  294  308  321  332  344  354  365
    45.0-180.0 180.0   5.0 450.0                            LAT/LON1/LON2/DLON/H
  377  385  389  390  386  379  366  351  351  350  335  316  298  283  270  257
  247  237  228  218  210  201  192  183  175  166  157  148  140  127  117  107
  101   98   98   99  104  109  114  120  125  128  129  130  128  127  122  118
  114  111  108  105  104  108  118  133  151  169  183  195  205  215  228  243
  261  278  297  315  329  343  356  367  377
    42.5-180.0 180.0   5.0 450.0                            LAT/LON1/LON2/DLON/H
  382  389  392  394  393  389  383  376  376  373  357  336  317  301  285  269
  254  240  228  217  210  202  195  188  180  170  158  146  133  120  108  100
   96   96   98  101  107  114  120  128  133  136  137  136  134  131  127  124
  122  120  117  114  114  118  128  144  162  179  192  202  210  219  229  243
  259  277  297  316  334  349  363  373  382
    40.0-180.0 180.0   5.0 450.0                            LAT/LON1/LON2/DLON/H
  384  390  392  393  393  393  392  393  393  389  378  361  343  326  307  286
  266  248  232  221  212  204  199  192  184  171  157  141  125  111  101   94
   93   95   98  103  109  116  125  132  138  141  141  139  136  133  131  129
  128  127  124  121  120  125  136  152  170  187  199  209  216  223  232  243
  258  276  295  315  334  351  366  377  384
    37.5-180.0 180.0   5.0 450.0                            LAT/LON1/LON2/DLON/H
  389  394  395  394  393  393  397  401  405  402  397  385  371  353  330  307
  284  262  242  228  217  209  203  195  185  171  155  137  121  108   98   94
   94   98  101  107  113  119  128  135  141  143  142  139  137  135  134  132
  131  129  126  123  122  128  140  157  176  193  206  217  225  232  239  249
  261  277  297  317  338  355  371  382  389
    35.0-180.0 180.0   5.0 450.0                            LAT/LON1/LON2/DLON/H
  405  409  409  404  400  400  401  406  413  418  414  406  398  379  356  331
  305  280  256  238  224  214  207  197  185  170  155  139  124  112  105  102
  104  108  112  117  121  125  132  138  142  144  142  140  139  137  135  132
  130  126  123  119  119  127  140  160  181  198  212  225  235  244  253  262
  273  288  307  329  351  368  384  397  405
    32.5-180.0 180.0   5.0 450.0                            LAT/LON1/LON2/DLON/H
  441  446  443  434  424  420  418  420  426  432  432  428  419  404  381  355
  326  300  273  249  230  217  207  196  184  170  158  146  135  128  124  123
  125  130  132  135  136  140  141  143  146  147  144  142  142  140  136  130
  125  119  116  112  114  121  139  161  183  202  218  233  247  259  272  284
  295  311  329  353  376  395  412  429  441
    30.0-180.0 180.0   5.0 450.0                            LAT/LON1/LON2/DLON/H
  499  509  506  491  475  460  450  448  449  451  452  449  442  427  403  376
  347  319  288  258  234  217  205  193  183  174  168  164  160  158  157  156
  159  162  162  162  160  162  156  153  153  153  146  144  144  141  134  126
  118  111  105  103  106  116  136  160  184  205  222  241  260  278  296  312
  327  346  367  391  416  439  461  483  499
    27.5-180.0 180.0   5.0 450.0                            LAT/LON1/LON2/DLON/H
  579  595  593  577  553  529  513  498  489  482  478  472  464  449  424  395
  367  337  302  265  237  215  202  194  187  185  188  195  200  204  206  202
  206  203  201  195  189  189  175  164  161  158  149  145  143  138  129  118
  109  100   95   93   98  111  133  160  186  209  229  251  275  300  325  346
  371  393  421  446  473  501  527  556  579
    25.0-180.0 180.0   5.0 450.0                            LAT/LON1/LON2/DLON/H
  675  691  699  682  654  625  598  570  547  529  515  503  491  473  448  418
  388  356  316  270  238  216  206  203  204  211  223  240  253  261  263  259
  258  250  238  227  218  212  197  177  166  159  151  145  140  133  120  108
   98   89   83   82   89  104  130  160  189  215  237  264  292  323  353  384
  415  443  480  508  540  573  606  648  675
    22.5-180.0 180.0   5.0 450.0                            LAT/LON1/LON2/DLON/H
  777  802  807  796  768  732  700  660  623  592  566  543  527  508  480  451
  416  380  333  281  245  226  223  229  239  254  273  295  315  320  318  308
  298  286  270  253  240  228  211  188  171  159  151  144  136  125  111   98
   87   79   73   73   80   99  128  161  192  220  246  276  307  342  380  418
  456  494  537  571  608  648  691  740  777
    20.0-180.0 180.0   5.0 450.0                            LAT/LON1/LON2/DLON/H
  861  893  909  910  885  848  803  758  710  664  625  599  578  557  525  496
  457  411  358  301  263  254  262  277  295  314  334  359  371  371  358  340
  324  308  289  268  252  235  217  195  175  161  152  144  133  118  102   89
   78   71   66   66   75   96  127  163  198  228  255  286  319  357  399  444
  489  536  581  625  673  713  766  819  861
    17.5-180.0 180.0   5.0 450.0                            LAT/LON1/LON2/DLON/H
  905  943  969  981  974  945  907  865  804  748  700  668  643  620  588  557
  514  461  399  339  303  306  327  351  370  389  401  418  418  405  381  356
  336  319  297  271  254  234  217  196  178  165  156  145  130  112   95   81
   73   68   64   65   75   98  131  169  206  238  266  297  332  372  416  465
  513  562  609  655  701  751  804  856  905
    15.0-180.0 180.0   5.0 450.0                            LAT/LON1/LON2/DLON/H
  889  934  967  992 1011 1009  982  948  894  833  783  746  717  695  664  637
  588  532  462  400  367  380  414  447  459  466  465  461  445  419  386  357
  338  318  294  262  244  227  213  196  179  168  158  145  125  106   88   76
   71   69   66   68   78  101  136  176  214  249  278  309  346  386  431  480
  529  576  620  663  701  746  798  838  889
    12.5-180.0 180.0   5.0 450.0                            LAT/LON1/LON2/DLON/H
  829  870  902  942  986 1013 1007  986  957  908  862  826  797  779  749  725
  684  630  548  486  452  465  513  542  529  517  504  476  443  408  372  346
  328  310  283  249  232  217  206  192  179  168  156  140  121  100   83   75
   73   71   69   70   80  104  139  180  220  255  286  318  355  396  441  490
  538  581  618  651  680  713  751  789  829
    10.0-180.0 180.0   5.0 450.0                            LAT/LON1/LON2/DLON/H
  747  775  811  859  918  967  978  976  976  948  921  888  867  852  832  810
  782  738  655  591  550  560  604  612  571  544  508  459  418  379  347  326
  313  295  266  237  222  207  199  187  176  164  148  133  115   97   83   76
   75   73   69   70   80  104  138  181  221  257  288  322  361  403  448  494
  540  578  609  634  654  677  702  725  747
     7.5-180.0 180.0   5.0 450.0                            LAT/LON1/LON2/DLON/H
  674  687  715  764  826  886  920  941  952  951  937  923  914  902  887  869
  850  817  751  690  647  651  674  652  589  541  478  419  380  345  319  304
  295  279  254  227  213  200  193  183  168  155  141  128  111   96   85   78
   75   72   67   68   77  100  135  177  219  255  289  324  363  407  453  497
  539  574  602  622  637  651  663  669  674
     5.0-180.0 180.0   5.0 450.0                            LAT/LON1/LON2/DLON/H
  623  622  640  683  742  804  849  880  896  913  919  918  921  919  907  892
  877  850  805  754  716  712  709  662  579  494  423  373  340  313  295  289
  287  275  252  225  210  197  191  179  162  147  136  123  109   97   87   80
   75   70   65   66   74   96  131  176  220  256  288  324  365  410  457  500
  539  572  600  620  634  643  644  635  623
     2.5-180.0 180.0   5.0 450.0                            LAT/LON1/LON2/DLON/H
  608  595  604  636  687  743  787  820  838  858  873  883  893  898  889  878
  867  849  819  776  736  710  683  627  533  433  366  327  305  291  286  291
  296  285  262  231  214  200  190  175  157  141  130  120  108   98   88   82
   76   69   64   64   72   93  130  176  221  256  287  323  365  412  460  502
  540  575  605  630  647  656  651  632  608
