examples/igsg2870.11i
     1.0            IONOSPHERE MAPS     MIX                 IONEX VERSION / TYPE
cmpcmb v1.2          GRL/UWM            25-oct-11 06:11     PGM / RUN BY / DATE 
ionex file containing IGS COMBINED Ionosphere maps          COMMENT             
global ionosphere maps for day 287, 2011                    DESCRIPTION         
IONEX file containing the COMBINED IGS TEC MAPS and DCBs    DESCRIPTION         
      IONEX files of the following IAACs were combined: cod DESCRIPTION         
                                                        esa DESCRIPTION         
                                                        jpl DESCRIPTION         
                                                        upc DESCRIPTION         
Contact address: Andrzej Krankowski                         DESCRIPTION
                 Geodynamics Research Laboratory            DESCRIPTION
                 University of Warmia and Mazury (GRL/UWM)  DESCRIPTION
                 Oczapowski St. 1                           DESCRIPTION
                 10-957-Olsztyn, POLAND                     DESCRIPTION
                 e-mail:  kand@uwm.edu.pl                   DESCRIPTION
                                                            DESCRIPTION         
  2011    10    14     0     0     0                        EPOCH OF FIRST MAP  
  2011    10    15     0     0     0                        EPOCH OF LAST MAP   
  7200                                                      INTERVAL            
    13                                                      # OF MAPS IN FILE   
  COSZ                                                      MAPPING FUNCTION    
     0.0                                                    ELEVATION CUTOFF    
combined TEC calculated as weighted mean of input TEC valuesOBSERVABLES USED    
   378                                                      # OF STATIONS       
    32                                                      # OF SATELLITES     
  6371.0                                                    BASE RADIUS         
     2                                                      MAP DIMENSION       
   450.0 450.0   0.0                                        HGT1 / HGT2 / DHGT  
    87.5 -87.5  -2.5                                        LAT1 / LAT2 / DLAT  
  -180.0 180.0   5.0                                        LON1 / LON2 / DLON  
    -1                                                      EXPONENT            
TEC values in 0.1 tec units;  9999, if no value available   COMMENT             
DCB values in nanoseconds, reference is Sum_of_SatDCBs = 0  COMMENT             
                                                            END OF HEADER       
[from data line 3432]
     9                                                      START OF TEC MAP    
  2011    10    14    16     0     0                        EPOCH OF CURRENT MAP
    87.5-180.0 180.0   5.0 450.0                            LAT/LON1/LON2/DLON/H
  152  154  155  157  158  160  161  162  163  165  165  167  167  168  169  170
  170  170  171  170  170  171  171  171  170  170  169  168  167  166  164  163
  161  159  159  156  155  154  152  151  148  146  145  143  142  141  139  138
  137  136  135  134  133  133  134  134  134  134  134  135  136  136  137  138
  140  141  143  143  145  146  148  150  152
    85.0-180.0 180.0   5.0 450.0                            LAT/LON1/LON2/DLON/H
  147  150  153  155  158  160  163  166  168  171  173  174  177  178  180  180
  181  183  183  183  183  183  183  184  184  182  182  180  179  178  175  172
  169  165  163  159  155  153  149  146  142  139  136  133  131  128  126  123
  121  120  118  116  113  113  113  113  113  114  114  115  116  117  119  120
  123  126  129  133  135  139  142  145  147
    82.5-180.0 180.0   5.0 450.0                            LAT/LON1/LON2/DLON/H
  138  142  146  150  154  159  164  168  173  176  180  183  185  186  188  189
  190  191  191  192  192  192  194  196  197  197  195  195  193  192  189  185
  182  179  175  170  166  160  155  148  142  137  132  127  123  120  116  112
  110  107  104  101   98   97   96   97   97   97   97   98  100  101  103  105
  109  113  116  121  124  126  130  134  138
    80.0-180.0 180.0   5.0 450.0                            LAT/LON1/LON2/DLON/H
  128  133  138  144  149  154  158  162  167  172  176  180  184  188  194  196
  199  201  202  204  206  202  202  210  211  211  210  209  207  204  202  199
  195  190  184  177  170  164  157  150  144  137  130  125  119  115  111  109
  106  102   97   93   90   88   87   87   88   87   87   87   88   89   91   93
   96   99  102  106  109  113  118  123  128
    77.5-180.0 180.0   5.0 450.0                            LAT/LON1/LON2/DLON/H
  115  120  125  129  134  139  145  153  159  165  172  177  182  189  193  197
  201  205  209  209  210  212  218  218  222  226  228  227  224  222  219  214
  209  202  195  187  179  169  161  152  144  137  129  123  117  112  109  106
  106  103  101   97   93   90   88   88   86   85   83   83   83   83   84   85
   86   88   90   93   96  101  106  110  115
    75.0-180.0 180.0   5.0 450.0                            LAT/LON1/LON2/DLON/H
   99  103  107  113  118  124  131  138  145  152  160  168  177  186  194  201
  206  211  217  221  223  226  235  234  237  239  241  243  243  238  232  228
  222  215  207  198  188  178  168  159  151  143  135  126  120  114  111  108
  107  104  104  102   99   97   95   93   90   87   85   84   82   81   81   80
   79   79   81   82   85   88   91   96   99
    72.5-180.0 180.0   5.0 450.0                            LAT/LON1/LON2/DLON/H
   82   86   90   95  101  107  115  123  131  140  150  162  173  184  197  204
  214  222  230  233  239  245  256  255  258  258  260  257  256  253  248  242
  236  229  221  212  203  192  182  171  161  152  144  136  127  121  117  114
  111  109  108  106  105  101   99   96   94   91   88   86   84   81   79   77
   74   73   74   73   74   76   77   81   82
    70.0-180.0 180.0   5.0 450.0                            LAT/LON1/LON2/DLON/H
   69   71   75   79   84   92   98  108  119  130  141  155  170  186  199  210
  222  232  239  247  255  267  273  274  277  278  276  274  271  266  262  257
  251  244  236  228  221  208  198  188  175  166  156  148  140  132  126  121
  117  114  111  108  106  103  101   98   96   93   91   88   86   81   79   76
   73   71   70   68   68   67   67   67   69
    67.5-180.0 180.0   5.0 450.0                            LAT/LON1/LON2/DLON/H
   59   60   62   65   69   76   85   94  108  122  136  152  170  188  203  217
  230  240  250  262  272  282  286  286  289  290  288  285  281  277  273  268
  262  255  247  240  231  222  212  200  189  178  167  158  150  141  132  125
  119  114  110  107  104  102  100   98   95   93   91   88   86   81   78   76
   74   72   69   67   64   62   60   59   59
    65.0-180.0 180.0   5.0 450.0                            LAT/LON1/LON2/DLON/H
   54   54   54   55   59   65   74   86   98  115  133  151  171  190  208  224
  239  251  261  274  283  289  290  290  292  292  291  289  285  282  279  274
  269  262  255  247  239  230  220  209  198  186  175  165  156  145  135  125
  116  109  104  101   98   96   94   91   89   87   85   84   82   80   77   76
   74   72   70   67   64   61   58   56   54
    62.5-180.0 180.0   5.0 450.0                            LAT/LON1/LON2/DLON/H
   52   50   49   50   53   59   68   80   95  111  130  149  170  191  210  230
  247  260  270  279  286  289  289  289  287  289  289  287  286  283  280  278
  274  269  261  254  244  234  223  214  203  191  181  170  158  147  134  123
  112  103   96   92   90   88   86   84   82   81   80   79   79   78   78   77
   76   74   72   69   66   62   59   55   52
    60.0-180.0 180.0   5.0 450.0                            LAT/LON1/LON2/DLON/H
   54   51   49   48   51   56   66   79   95  111  130  150  170  192  213  233
  250  265  275  283  286  287  286  285  281  283  285  285  285  285  284  282
  280  274  268  260  250  239  227  218  208  197  187  176  162  148  135  121
  109   99   93   88   84   83   80   80   79   78   78   78   79   80   80   81
   80   78   76   73   70   67   63   59   54
    57.5-180.0 180.0   5.0 450.0                            LAT/LON1/LON2/DLON/H
   60   55   52   50   52   58   68   82   99  116  134  154  174  195  216  235
  253  268  278  285  285  286  285  282  279  280  282  285  287  290  291  292
  289  284  277  268  258  247  235  225  215  206  195  183  169  154  139  124
  112  102   94   89   85   83   81   81   80   80   80   82   84   85   86   86
   86   85   82   80   77   75   71   66   60
    55.0-180.0 180.0   5.0 450.0                            LAT/LON1/LON2/DLON/H
   71   64   59   58   59   65   75   89  107  125  143  162  180  200  221  240
  258  272  282  287  288  287  287  283  282  282  284  288  293  298  301  304
  304  298  289  279  268  257  247  237  227  217  205  193  177  163  148  134
  122  112  104   98   94   92   90   90   89   88   89   91   92   94   95   96
   96   94   92   90   88   86   82   77   71
    52.5-180.0 180.0   5.0 450.0                            LAT/LON1/LON2/DLON/H
   82   76   71   68   69   75   86  102  119  138  154  172  191  209  228  247
  264  278  287  292  294  293  292  290  289  289  289  294  301  309  313  316
  315  310  302  292  281  271  261  251  240  229  216  203  188  174  160  148
  137  128  120  114  111  109  107  107  105  104  103  104  106  107  109  110
  109  108  106  105  103   99   95   89   82
    50.0-180.0 180.0   5.0 450.0                            LAT/LON1/LON2/DLON/H
   94   89   83   81   82   88  100  116  135  153  169  185  202  219  238  256
  272  285  294  298  301  301  301  301  301  302  302  307  312  318  323  324
  322  317  311  303  295  286  277  266  254  240  226  211  197  184  172  161
  153  146  140  135  133  131  129  127  125  123  122  122  123  126  126  126
  125  123  121  120  118  114  108  101   94
    47.5-180.0 180.0   5.0 450.0                            LAT/LON1/LON2/DLON/H
  104  100   96   93   95  102  114  131  151  169  185  200  216  232  250  267
  282  293  301  305  308  310  312  313  314  316  318  320  323  326  326  325
  322  319  316  313  307  300  291  280  266  248  232  217  202  190  180  172
  166  161  157  154  152  151  149  147  143  141  139  139  140  142  142  141
  139  138  135  133  131  126  119  111  104
    45.0-180.0 180.0   5.0 450.0                            LAT/LON1/LON2/DLON/H
  113  109  106  104  105  113  126  143  164  183  200  215  230  246  263  279
  291  302  308  312  315  319  322  326  328  331  331  331  329  326  323  319
  317  316  318  318  317  313  305  292  276  257  237  219  204  192  184  178
  174  170  166  165  163  162  161  158  155  152  150  150  150  151  151  150
  149  147  146  144  141  134  127  120  113
    42.5-180.0 180.0   5.0 450.0                            LAT/LON1/LON2/DLON/H
  118  113  111  111  113  119  133  151  172  193  210  226  243  259  275  290
  301  308  313  316  320  325  330  335  339  342  341  337  330  323  315  309
  309  312  320  326  329  327  320  305  285  263  240  220  204  192  183  179
  176  171  167  164  162  161  159  156  152  150  150  150  151  151  151  151
  150  150  150  149  146  139  131  124  118
    40.0-180.0 180.0   5.0 450.0                            LAT/LON1/LON2/DLON/H
  115  112  111  112  114  120  133  152  175  199  218  236  254  272  287  300
  308  312  315  318  322  329  335  342  346  349  346  339  329  319  310  305
  307  317  331  341  349  348  341  322  299  273  248  224  205  191  183  179
  173  167  159  153  150  148  146  144  141  139  141  143  144  143  143  143
  144  146  147  147  143  136  129  122  115
    37.5-180.0 180.0   5.0 450.0                            LAT/LON1/LON2/DLON/H
  109  106  106  108  110  116  130  150  175  201  224  244  263  281  297  308
  314  316  316  319  324  331  338  346  351  353  349  341  330  320  314  314
  323  339  358  375  385  385  372  353  326  297  265  236  213  198  189  185
  175  163  152  142  136  134  132  131  129  129  130  133  135  134  133  133
  135  138  139  140  137  129  122  115  109
    35.0-180.0 180.0   5.0 450.0                            LAT/LON1/LON2/DLON/H
  100   97   97   99  102  109  122  143  170  200  227  250  271  290  306  315
  318  319  318  320  325  333  340  347  353  355  352  346  338  333  337  346
  364  388  410  431  440  436  421  399  370  336  298  261  233  220  212  203
  190  169  155  141  133  131  129  127  125  124  126  129  131  130  129  128
  129  131  133  133  129  122  114  107  100
    32.5-180.0 180.0   5.0 450.0                            LAT/LON1/LON2/DLON/H
   91   87   86   88   92   99  114  135  165  198  230  257  279  298  312  321
  323  322  323  326  330  337  344  350  356  360  359  357  357  363  381  403
  432  463  488  509  513  507  488  465  432  392  351  307  275  258  252  239
  224  197  177  160  151  147  145  141  137  135  135  138  139  138  136  134
  134  134  132  130  125  117  108   99   91
    30.0-180.0 180.0   5.0 450.0                            LAT/LON1/LON2/DLON/H
   84   78   77   78   81   89  104  129  161  198  233  263  286  305  319  329
  331  331  331  335  340  346  350  354  361  367  370  375  387  410  445  483
  526  566  593  607  607  600  574  556  509  457  409  365  332  316  309  301
  288  260  230  208  195  191  185  175  167  162  161  162  163  161  158  155
  152  148  142  135  127  116  105   93   84
    27.5-180.0 180.0   5.0 450.0                            LAT/LON1/LON2/DLON/H
   81   74   71   71   73   81   99  125  160  200  237  269  292  310  325  336
  341  342  344  349  354  358  361  364  371  379  386  399  427  470  528  585
  640  680  705  720  716  698  672  657  607  529  475  432  398  378  376  382
  379  347  314  282  264  256  244  228  216  204  201  201  201  199  192  188
  181  173  162  149  136  121  106   93   81
    25.0-180.0 180.0   5.0 450.0                            LAT/LON1/LON2/DLON/H
   84   74   70   68   69   77   96  125  164  204  242  274  297  316  331  344
  352  357  361  367  372  374  375  377  386  397  409  431  471  540  620  695
  759  803  827  833  819  796  767  741  685  601  536  489  454  436  442  456
  458  434  394  360  341  333  313  294  273  257  251  250  250  244  234  227
  218  205  186  168  150  133  115   99   84
    22.5-180.0 180.0   5.0 450.0                            LAT/LON1/LON2/DLON/H
   92   79   72   68   69   78  100  131  171  213  250  279  301  321  339  353
  366  375  383  389  392  392  391  394  404  420  438  471  524  610  709  799
  864  905  924  912  880  849  814  780  724  648  581  531  497  484  494  511
  512  488  451  422  408  400  372  348  327  309  301  300  298  289  277  266
  255  237  214  190  167  147  126  107   92
    20.0-180.0 180.0   5.0 450.0                            LAT/LON1/LON2/DLON/H
   99   85   75   70   71   82  106  141  181  222  257  285  307  327  347  365
  382  395  406  413  412  410  408  413  427  449  475  516  577  670  775  874
  930  961  970  937  890  849  811  771  722  660  603  552  518  505  514  530
  528  503  471  446  439  427  404  379  357  344  339  337  335  324  309  295
  282  260  239  209  181  157  135  116   99
    17.5-180.0 180.0   5.0 450.0                            LAT/LON1/LON2/DLON/H
  103   88   76   70   71   85  113  151  192  230  263  291  313  332  356  379
  400  418  431  435  432  427  426  434  452  480  513  558  622  715  817  903
  947  965  956  913  863  817  774  736  704  655  601  551  511  491  491  501
  493  467  441  422  421  416  399  376  362  358  357  354  351  337  322  307
  291  269  247  219  189  161  139  120  103
    15.0-180.0 180.0   5.0 450.0                            LAT/LON1/LON2/DLON/H
  105   89   76   69   72   88  118  158  199  236  268  296  319  344  370  398
  422  442  454  457  452  446  446  458  480  510  546  589  652  738  827  896
  929  932  905  860  814  769  728  697  669  630  582  528  476  441  422  422
  411  387  371  365  368  374  364  349  346  351  354  350  346  330  313  297
  282  261  240  213  184  157  137  121  105
    12.5-180.0 180.0   5.0 450.0                            LAT/LON1/LON2/DLON/H
  104   89   78   71   74   91  123  162  203  240  274  303  330  359  388  420
  446  467  477  478  473  468  468  484  509  543  577  616  669  741  813  865
  881  868  831  788  751  713  678  655  632  603  555  493  425  369  330  320
  311  295  290  297  304  317  315  310  316  328  335  331  324  308  291  274
  259  242  223  199  172  149  131  118  104
    10.0-180.0 180.0   5.0 450.0                            LAT/LON1/LON2/DLON/H
  101   89   81   74   77   94  127  168  207  245  280  313  344  379  410  445
  473  494  502  500  496  494  497  515  544  577  610  640  680  731  784  819
  820  797  759  723  691  665  643  628  610  584  534  462  378  304  253  233
  221  219  225  238  253  268  275  281  291  306  312  306  296  277  260  243
  231  218  203  183  160  138  122  112  101
     7.5-180.0 180.0   5.0 450.0                            LAT/LON1/LON2/DLON/H
   99   91   83   77   81  100  134  174  215  254  291  328  364  401  438  473
  502  524  528  526  522  523  531  553  586  616  643  663  688  720  753  770
  763  736  707  682  660  645  634  624  608  580  527  446  356  272  212  182
  172  178  194  212  230  247  263  277  288  298  299  288  272  250  233  216
  205  195  184  168  148  131  116  107   99
     5.0-180.0 180.0   5.0 450.0                            LAT/LON1/LON2/DLON/H
  101   95   87   82   87  107  142  184  224  264  304  343  385  426  467  501
  529  549  554  554  553  557  571  595  626  652  672  683  694  711  727  733
  724  704  685  672  664  657  652  646  630  596  539  456  362  280  217  186
  179  188  208  228  246  264  285  300  309  312  303  283  261  236  219  204
  192  181  171  157  142  127  116  107  101
     2.5-180.0 180.0   5.0 450.0                            LAT/LON1/LON2/DLON/H
  105  100   93   87   94  115  151  194  236  275  315  359  404  448  491  526
  553  571  578  582  586  595  612  635  659  680  693  697  700  707  712  712
  709  701  694  695  695  693  690  682  663  629  572  488  398  320  268  243
  234  246  265  284  302  318  336  349  352  345  324  292  264  238  221  208
  192  178  166  155  144  132  120  112  105
