examples/igsg2850.11i
     1.0            IONOSPHERE MAPS     MIX                 IONEX VERSION / TYPE
cmpcmb v1.2          GRL/UWM            25-oct-11 06:00     PGM / RUN BY / DATE 
ionex file containing IGS COMBINED Ionosphere maps          COMMENT             
global ionosphere maps for day 285, 2011                    DESCRIPTION         
IONEX file containing the COMBINED IGS TEC MAPS and DCBs    DESCRIPTION         
      IONEX files of the following IAACs were combined: cod DESCRIPTION         
                                                        esa DESCRIPTION         
                                                        jpl DESCRIPTION         
                                                        upc DESCRIPTION         
Contact address: Andrzej Krankowski                         DESCRIPTION
                 Geodynamics Research Laboratory            DESCRIPTION
                 University of Warmia and Mazury (GRL/UWM)  DESCRIPTION
                 Oczapowski St. 1                           DESCRIPTION
                 10-957-Olsztyn, POLAND                     DESCRIPTION
                 e-mail:  kand@uwm.edu.pl                   DESCRIPTION
                                                            DESCRIPTION         
  2011    10    12     0     0     0                        EPOCH OF FIRST MAP  
  2011    10    13     0     0     0                        EPOCH OF LAST MAP   
  7200                                                      INTERVAL            
    13                                                      # OF MAPS IN FILE   
  COSZ                                                      MAPPING FUNCTION    
     0.0                                                    ELEVATION CUTOFF    
combined TEC calculated as weighted mean of input TEC valuesOBSERVABLES USED    
   370                                                      # OF STATIONS       
    32                                                      # OF SATELLITES     
  6371.0                                                    BASE RADIUS         
     2                                                      MAP DIMENSION       
   450.0 450.0   0.0                                        HGT1 / HGT2 / DHGT  
    87.5 -87.5  -2.5                                        LAT1 / LAT2 / DLAT  
  -180.0 180.0   5.0                                        LON1 / LON2 / DLON  
    -1                                                      EXPONENT            
TEC values in 0.1 tec units;  9999, if no value available   COMMENT             
DCB values in nanoseconds, reference is Sum_of_SatDCBs = 0  COMMENT             
                                                            END OF HEADER       
[from data line 858]
     3                                                      START OF TEC MAP    
  2011    10    12     4     0     0                        EPOCH OF CURRENT MAP
    87.5-180.0 180.0   5.0 450.0                            LAT/LON1/LON2/DLON/H
  168  167  167  166  166  165  164  164  162  162  161  160  159  158  157  156
  154  153  151  150  149  147  145  144  143  141  140  139  138  138  138  138
  138  138  138  138  139  139  140  140  142  143  144  144  146  147  149  150
  153  154  155  157  159  161  162  163  164  165  166  167  167  168  169  169
  169  169  169  169  169  169  169  168  168
    85.0-180.0 180.0   5.0 450.0                            LAT/LON1/LON2/DLON/H
  174  173  171  171  169  168  168  166  165  165  164  163  161  160  159  157
  156  153  151  148  144  141  136  131  129  126  123  122  120  119  118  118
  118  119  119  120  122  123  124  126  128  130  131  133  136  138  141  143
  146  150  153  157  160  164  167  170  172  174  176  178  180  181  182  183
  183  182  181  181  180  178  176  175  174
    82.5-180.0 180.0   5.0 450.0                            LAT/LON1/LON2/DLON/H
  181  178  175  174  172  171  170  169  168  168  167  166  164  163  160  158
  154  151  147  143  141  135  126  120  116  111  108  103  100   98   96   96
   96   97   99  102  104  109  111  114  118  120  123  126  130  133  137  140
  145  149  153  158  163  168  173  178  182  187  190  194  196  198  200  200
  199  198  197  195  191  189  187  183  181
    80.0-180.0 180.0   5.0 450.0                            LAT/LON1/LON2/DLON/H
  185  181  177  173  169  167  166  166  165  165  165  164  164  164  162  160
  158  155  151  145  137  131  120  110  104   98   92   87   82   79   78   77
   77   79   81   84   88   93   97  103  108  113  117  120  124  129  135  140
  145  151  156  162  169  176  183  190  196  202  207  212  215  218  219  219
  218  216  214  209  206  202  195  190  185
    77.5-180.0 180.0   5.0 450.0                            LAT/LON1/LON2/DLON/H
  192  185  177  171  167  163  161  160  160  160  161  161  163  165  164  160
  154  151  148  142  134  125  113  104   96   88   82   75   69   65   64   63
   65   67   71   75   80   85   89   94  100  105  110  114  119  124  132  139
  145  152  161  169  178  186  195  203  211  218  225  230  234  236  238  238
  236  234  229  225  220  214  207  200  192
    75.0-180.0 180.0   5.0 450.0                            LAT/LON1/LON2/DLON/H
  202  192  183  173  165  158  154  150  149  149  151  154  156  156  156  155
  153  148  143  135  128  120  109   99   91   81   73   65   62   59   57   57
   59   62   66   71   77   81   86   91   96  100  105  110  114  121  128  136
  145  155  166  176  189  199  208  218  227  235  241  246  250  252  253  253
  252  248  245  240  235  227  220  211  202
    72.5-180.0 180.0   5.0 450.0                            LAT/LON1/LON2/DLON/H
  214  203  191  180  167  157  149  145  140  139  143  145  145  148  150  147
  145  144  136  131  125  115  107   97   90   79   72   66   61   58   58   58
   60   63   67   71   76   80   83   86   90   95   99  104  110  117  125  136
  146  158  173  187  200  213  224  234  241  248  254  258  260  262  263  262
  262  259  256  252  247  240  234  224  214
    70.0-180.0 180.0   5.0 450.0                            LAT/LON1/LON2/DLON/H
  226  215  202  190  175  162  152  143  135  134  134  134  136  138  137  136
  137  133  130  127  120  112  106   98   92   82   79   73   70   67   66   66
   67   70   73   75   75   77   78   79   82   86   91   96  104  112  122  137
  151  165  181  198  213  226  238  248  255  260  264  265  266  266  265  264
  264  262  261  259  255  250  243  236  226
    67.5-180.0 180.0   5.0 450.0                            LAT/LON1/LON2/DLON/H
  233  224  212  199  185  172  158  146  138  133  130  127  125  126  125  125
  124  123  123  120  116  110  104   99   96   90   88   85   82   81   80   78
   77   77   78   78   75   72   71   72   73   76   81   89   99  109  123  138
  156  174  192  210  226  240  250  259  264  267  268  267  265  263  261  259
  258  258  258  258  256  253  248  242  233
    65.0-180.0 180.0   5.0 450.0                            LAT/LON1/LON2/DLON/H
  238  230  219  207  194  180  167  153  143  135  129  124  121  118  116  116
  115  115  115  114  110  106  103  101  100   98   97   96   94   94   92   89
   86   82   79   76   72   67   64   63   64   67   74   83   95  109  124  143
  161  183  202  222  238  252  261  268  270  269  267  264  260  256  252  250
  250  250  251  252  252  251  248  244  238
    62.5-180.0 180.0   5.0 450.0                            LAT/LON1/LON2/DLON/H
  240  233  224  211  199  186  173  159  147  137  128  123  119  114  111  110
  108  109  108  107  103  102  101  102  104  102  104  105  104  103  100   94
   89   84   79   73   67   62   58   56   57   62   70   82   95  111  129  148
  169  191  213  233  249  262  271  276  275  271  266  261  256  252  247  244
  242  243  244  247  248  249  247  245  240
    60.0-180.0 180.0   5.0 450.0                            LAT/LON1/LON2/DLON/H
  240  234  226  214  203  189  175  162  150  139  129  122  117  114  110  108
  107  106  104  102   99   99  100  101  102  104  106  107  106  103  100   94
   88   82   77   69   63   58   54   51   54   60   69   82   98  114  134  156
  177  200  222  242  259  271  280  284  282  276  269  263  258  254  250  246
  243  241  242  244  247  247  247  244  240
    57.5-180.0 180.0   5.0 450.0                            LAT/LON1/LON2/DLON/H
  243  236  228  217  204  191  177  164  151  139  129  122  117  113  109  109
  109  107  104  102   99   98   97   96   98  100  101  102  100   97   94   88
   82   78   73   66   61   56   53   53   56   63   73   88  104  122  144  165
  187  209  231  252  268  280  288  290  290  285  279  273  268  264  261  257
  252  249  249  250  251  252  250  246  243
    55.0-180.0 180.0   5.0 450.0                            LAT/LON1/LON2/DLON/H
  248  242  232  220  207  193  178  165  152  140  129  122  115  111  109  111
  111  110  107  104  100   96   94   92   93   94   95   94   92   89   86   81
   77   73   70   66   61   59   58   59   64   71   83   97  113  133  152  174
  197  218  240  260  276  289  295  299  300  298  295  291  287  284  281  277
  271  266  264  264  262  260  257  253  248
    52.5-180.0 180.0   5.0 450.0                            LAT/LON1/LON2/DLON/H
  259  250  238  227  212  197  181  166  152  140  129  121  114  110  109  110
  112  113  111  106  101   95   93   90   89   90   89   88   85   82   79   76
   73   72   70   68   67   67   68   71   76   84   95  108  125  142  162  183
  204  226  248  266  283  297  304  310  312  313  314  313  312  310  308  303
  295  288  283  278  276  273  270  265  259
    50.0-180.0 180.0   5.0 450.0                            LAT/LON1/LON2/DLON/H
  274  263  251  237  221  205  187  170  154  142  130  120  113  109  108  109
  112  114  112  108  102   97   94   91   91   90   88   87   83   80   78   74
   73   73   73   74   75   77   81   86   90   97  107  119  135  153  173  193
  214  235  256  273  289  303  312  319  324  328  332  336  338  338  335  329
  319  310  302  295  289  287  285  281  274
    47.5-180.0 180.0   5.0 450.0                            LAT/LON1/LON2/DLON/H
  290  279  266  252  235  217  196  176  158  143  131  121  113  109  107  107
  110  112  112  110  105  101   98   98   98   97   94   91   88   84   80   77
   76   77   78   80   84   88   94   99  104  109  117  129  146  164  183  205
  226  246  264  281  295  307  318  327  335  341  348  355  360  361  358  352
  340  328  318  310  304  301  300  297  290
    45.0-180.0 180.0   5.0 450.0                            LAT/LON1/LON2/DLON/H
  305  295  282  267  250  229  206  183  163  147  134  122  114  109  107  106
  107  110  111  111  108  106  106  107  109  109  106  102   98   92   86   83
   82   83   84   87   92   98  105  110  114  118  126  139  156  174  196  219
  241  259  275  289  301  311  322  332  342  350  359  367  372  376  374  368
  356  342  330  321  316  314  313  311  305
    42.5-180.0 180.0   5.0 450.0                            LAT/LON1/LON2/DLON/H
  318  308  295  280  260  238  213  188  167  151  138  127  117  111  108  106
  106  109  110  112  112  113  116  120  122  122  119  116  110  102   94   90
   88   88   89   92   98  106  113  118  122  125  134  146  165  187  210  234
  255  273  286  297  305  312  322  333  343  353  362  370  376  381  381  375
  365  352  340  330  326  324  325  323  318
    40.0-180.0 180.0   5.0 450.0                            LAT/LON1/LON2/DLON/H
  328  316  302  285  266  241  215  190  169  153  140  131  122  116  111  109
  108  109  111  114  117  121  126  131  134  134  131  127  121  111  102   96
   93   93   94   97  104  112  120  125  128  131  139  154  175  199  224  247
  268  285  295  301  306  312  321  331  340  350  360  369  376  382  385  383
  376  364  353  342  338  337  338  335  328
    37.5-180.0 180.0   5.0 450.0                            LAT/LON1/LON2/DLON/H
  340  324  307  284  262  238  211  186  166  152  141  133  126  120  116  114
  114  114  116  119  125  132  137  140  142  141  139  135  129  118  109  101
   98   97   98  101  108  116  124  128  131  135  145  162  184  211  235  258
  277  291  299  302  306  311  320  331  341  351  363  374  383  391  396  399
  395  385  376  364  359  358  358  350  340
    35.0-180.0 180.0   5.0 450.0                            LAT/LON1/LON2/DLON/H
  360  338  313  285  257  228  201  176  158  146  138  133  129  124  122  121
  120  121  123  126  133  142  146  145  144  143  141  139  133  124  114  106
  103  102  103  106  111  118  125  129  132  139  152  170  193  218  242  264
  281  293  300  303  307  314  326  342  354  366  380  394  408  418  426  433
  432  425  419  406  400  395  390  378  360
    32.5-180.0 180.0   5.0 450.0                            LAT/LON1/LON2/DLON/H
  398  368  330  294  260  226  195  167  149  140  133  131  128  126  126  127
  128  129  131  133  140  148  151  147  143  141  140  140  138  130  120  113
  110  109  109  111  113  118  125  129  134  142  156  177  201  225  248  266
  282  293  300  307  314  327  345  365  383  399  418  439  460  474  484  495
  495  490  487  469  462  453  442  426  398
    30.0-180.0 180.0   5.0 450.0                            LAT/LON1/LON2/DLON/H
  464  417  369  321  277  236  198  167  144  133  127  125  125  125  126  130
  132  135  137  140  145  150  151  146  140  138  141  146  148  141  132  124
  120  118  117  117  116  118  123  126  131  142  159  181  207  231  250  266
  279  291  302  315  331  355  379  406  431  453  478  507  538  559  572  586
  585  583  576  556  545  529  517  500  464
    27.5-180.0 180.0   5.0 450.0                            LAT/LON1/LON2/DLON/H
  554  498  433  375  319  268  217  177  149  134  128  123  121  120  123  129
  132  136  139  142  145  147  148  143  139  142  150  161  166  161  149  138
  133  131  128  123  119  117  118  121  127  140  159  184  210  232  249  262
  276  291  309  332  360  393  425  462  492  521  555  593  631  667  677  692
  691  688  678  660  650  625  610  593  554
    25.0-180.0 180.0   5.0 450.0                            LAT/LON1/LON2/DLON/H
  667  609  537  461  392  326  263  212  173  153  143  134  124  118  120  126
  128  132  135  136  139  142  143  143  143  155  170  186  194  187  172  157
  149  145  139  129  120  115  113  114  121  136  157  183  209  230  247  260
  276  296  322  357  397  441  482  525  561  598  640  685  731  765  779  794
  794  789  778  770  754  731  720  704  667
    22.5-180.0 180.0   5.0 450.0                            LAT/LON1/LON2/DLON/H
  787  738  666  580  497  420  342  280  228  197  181  162  141  125  119  122
  124  126  127  128  131  136  142  149  159  179  201  222  231  221  198  179
  168  159  148  133  120  111  106  106  113  130  153  180  206  228  246  262
  281  308  342  387  438  490  536  582  621  664  710  757  803  832  847  857
  860  859  849  845  838  839  821  819  787
    20.0-180.0 180.0   5.0 450.0                            LAT/LON1/LON2/DLON/H
  888  851  802  718  629  545  455  380  311  269  244  212  178  146  127  123
  123  122  121  119  123  134  149  167  189  216  243  264  270  255  225  199
  184  168  152  132  117  106   99   98  104  121  147  175  203  227  249  269
  292  325  367  420  478  529  579  621  655  693  734  777  820  848  861  858
  860  866  868  868  877  896  909  906  888
    17.5-180.0 180.0   5.0 450.0                            LAT/LON1/LON2/DLON/H
  949  941  901  837  758  669  591  500  420  368  333  283  230  185  151  138
  134  129  124  119  122  138  167  199  233  263  291  307  307  283  246  213
  190  170  150  129  112  101   94   91   98  114  141  172  202  229  255  281
  309  348  396  449  508  561  605  637  662  687  718  755  792  810  818  812
  802  814  829  835  851  885  923  942  949
    15.0-180.0 180.0   5.0 450.0                            LAT/LON1/LON2/DLON/H
  947  969  958  920  861  784  697  613  534  479  432  380  308  243  198  174
  163  155  144  135  136  154  192  237  277  309  334  343  332  299  253  214
  186  164  143  122  108   98   91   88   94  110  138  170  203  235  265  296
  330  373  422  478  533  578  611  631  646  663  684  714  741  751  747  741
  734  746  757  771  786  820  869  916  947
    12.5-180.0 180.0   5.0 450.0                            LAT/LON1/LON2/DLON/H
  890  936  952  942  911  853  779  702  641  588  539  480  399  324  270  235
  212  199  186  172  172  188  225  274  317  349  367  363  340  297  246  204
  174  153  134  116  104   97   92   89   94  110  138  172  207  241  276  309
  350  394  445  498  546  579  599  610  619  630  645  667  687  693  685  674
  670  679  689  703  713  739  784  836  890
    10.0-180.0 180.0   5.0 450.0                            LAT/LON1/LON2/DLON/H
  807  865  901  915  910  872  814  755  705  665  623  562  484  411  354  314
  287  272  254  232  228  241  275  316  351  376  380  360  325  279  228  187
  160  143  126  112  104  100   97   94   97  112  140  176  211  247  283  322
  363  410  458  504  542  567  580  586  593  601  612  628  643  649  644  632
  629  635  646  651  653  668  703  748  807
     7.5-180.0 180.0   5.0 450.0                            LAT/LON1/LON2/DLON/H
  727  785  832  864  871  846  801  755  721  694  661  608  542  484  434  400
  376  357  335  308  298  305  328  356  377  382  368  335  296  249  206  171
  150  136  123  112  107  106  104  100  102  115  142  178  215  250  288  325
  368  415  459  498  529  551  562  571  581  588  596  607  621  630  630  625
  624  630  635  633  625  623  641  673  727
     5.0-180.0 180.0   5.0 450.0                            LAT/LON1/LON2/DLON/H
  668  719  769  807  817  796  757  721  694  676  650  609  563  520  488  473
  451  436  409  384  367  364  374  388  391  371  337  298  257  217  184  159
  145  135  124  116  113  114  113  108  107  119  146  180  216  251  286  321
  366  411  452  486  515  536  553  569  584  594  601  609  622  636  645  649
  654  661  664  655  636  619  616  631  668
     2.5-180.0 180.0   5.0 450.0                            LAT/LON1/LON2/DLON/H
  649  685  727  759  765  741  705  672  647  627  602  571  541  518  508  503
  498  487  465  441  422  408  406  405  391  349  300  256  218  188  168  155
  147  140  131  123  121  122  119  113  111  124  149  182  214  247  282  317
  359  400  440  473  502  525  550  576  600  615  624  632  646  665  683  696
  707  717  720  707  681  653  634  631  649
