examples/igsg2870.11i
     1.0            IONOSPHERE MAPS     MIX                 IONEX VERSION / TYPE
cmpcmb v1.2          GRL/UWM            25-oct-11 06:11     PGM / RUN BY / DATE 
ionex file containing IGS COMBINED Ionosphere maps          COMMENT             
global ionosphere maps for day 287, 2011                    DESCRIPTION         
IONEX file containing the COMBINED IGS TEC MAPS and DCBs    DESCRIPTION         
      IONEX files of the following IAACs were combined: cod DESCRIPTION         
                                                        esa DESCRIPTION         
                                                        jpl DESCRIPTION         
                                                        upc DESCRIPTION         
Contact address: Andrzej Krankowski                         DESCRIPTION
                 Geodynamics Research Laboratory            DESCRIPTION
                 University of Warmia and Mazury (GRL/UWM)  DESCRIPTION
                 Oczapowski St. 1                           DESCRIPTION
                 10-957-Olsztyn, POLAND                     DESCRIPTION
                 e-mail:  kand@uwm.edu.pl                   DESCRIPTION
                                                            DESCRIPTION         
  2011    10    14     0     0     0                        EPOCH OF FIRST MAP  
  2011    10    15     0     0     0                        EPOCH OF LAST MAP   
  7200                                                      INTERVAL            
    13                                                      # OF MAPS IN FILE   
  COSZ                                                      MAPPING FUNCTION    
     0.0                                                    ELEVATION CUTOFF    
combined TEC calculated as weighted mean of input TEC valuesOBSERVABLES USED    
   378                                                      # OF STATIONS       
    32                                                      # OF SATELLITES     
  6371.0                                                    BASE RADIUS         
     2                                                      MAP DIMENSION       
   450.0 450.0   0.0                                        HGT1 / HGT2 / DHGT  
    87.5 -87.5  -2.5                                        LAT1 / LAT2 / DLAT  
  -180.0 180.0   5.0                                        LON1 / LON2 / DLON  
    -1                                                      EXPONENT            
TEC values in 0.1 tec units;  9999, if no value available   COMMENT             
DCB values in nanoseconds, reference is Sum_of_SatDCBs = 0  COMMENT             
                                                            END OF HEADER       
[from data line 1716]
     5                                                      START OF TEC MAP    
  2011    10    14     8     0     0                        EPOCH OF CURRENT MAP
    87.5-180.0 180.0   5.0 450.0                            LAT/LON1/LON2/DLON/H
  102  101  101  101  100  100  100  100  100  100   99   98   99   99   99   99
   99   99   99   99   99   99   99   99   99  100  100  100  101  102  103  104
  104  105  106  108  108  109  110  111  112  112  114  114  115  116  116  116
  116  116  116  117  116  116  115  115  114  113  112  111  110  109  108  107
  107  106  105  104  103  103  103  102  102
    85.0-180.0 180.0   5.0 450.0                            LAT/LON1/LON2/DLON/H
   96   96   96   96   96   96   96   96   97   96   96   97   97   95   94   94
   94   93   93   92   92   92   91   92   92   93   94   96   97   98  100  102
  104  106  108  111  114  116  118  121  123  125  128  131  132  133  134  136
  137  137  136  136  134  134  132  130  128  125  122  120  117  114  111  109
  107  104  103  100   99   98   97   97   96
    82.5-180.0 180.0   5.0 450.0                            LAT/LON1/LON2/DLON/H
   91   91   92   93   94   95   96   96   97   98   98   98   98   96   95   93
   91   90   89   88   86   84   84   84   83   84   85   87   89   93   95  100
  103  108  113  118  123  128  133  138  143  147  151  155  158  162  163  165
  167  166  165  164  162  160  157  153  149  145  140  136  130  125  119  114
  109  105  101   98   96   94   92   92   91
    80.0-180.0 180.0   5.0 450.0                            LAT/LON1/LON2/DLON/H
   86   87   87   89   89   92   94   96   97   97   98   97   96   95   93   91
   89   86   85   83   80   80   78   76   77   79   81   83   86   90   95  100
  106  113  121  128  137  144  152  159  165  172  177  182  188  192  196  198
  199  201  200  198  196  193  189  184  179  173  166  159  151  143  135  127
  120  113  107  101   96   92   89   87   86
    77.5-180.0 180.0   5.0 450.0                            LAT/LON1/LON2/DLON/H
   83   81   82   83   86   89   91   93   95   96   96   95   95   92   89   87
   85   81   80   79   77   75   73   74   74   76   77   81   84   89   94  101
  108  116  126  136  147  158  169  179  188  197  205  211  218  223  227  231
  233  235  235  234  233  230  226  219  213  205  197  189  179  170  159  149
  138  129  119  110  102   95   89   85   83
    75.0-180.0 180.0   5.0 450.0                            LAT/LON1/LON2/DLON/H
   83   80   79   81   83   85   87   89   91   93   93   92   91   88   86   83
   80   77   77   75   75   72   72   73   75   76   78   80   83   87   93  100
  110  120  130  142  156  169  182  195  207  220  229  238  244  252  256  262
  265  267  268  267  266  263  258  253  246  237  228  220  210  200  187  175
  163  150  138  126  114  103   95   88   83
    72.5-180.0 180.0   5.0 450.0                            LAT/LON1/LON2/DLON/H
   87   81   78   77   79   81   83   86   88   90   90   88   86   83   79   77
   75   75   74   74   74   73   74   76   77   79   80   82   84   87   93  101
  110  121  134  148  163  177  192  207  223  236  248  260  269  277  282  289
  293  294  297  295  293  291  286  280  273  264  255  246  237  225  213  201
  187  173  159  145  131  116  105   94   87
    70.0-180.0 180.0   5.0 450.0                            LAT/LON1/LON2/DLON/H
   91   83   78   75   76   77   80   83   85   86   84   82   80   76   73   71
   71   72   71   73   75   77   79   81   82   83   82   83   84   87   92  100
  110  122  136  151  167  183  200  217  232  247  262  274  288  299  305  309
  314  317  317  316  313  310  305  299  292  283  273  264  255  244  232  219
  206  192  177  161  145  130  114  102   91
    67.5-180.0 180.0   5.0 450.0                            LAT/LON1/LON2/DLON/H
   94   84   78   74   73   74   76   79   81   82   80   77   74   71   68   66
   67   68   70   74   76   80   83   86   87   85   84   83   83   86   90   97
  107  120  135  152  169  187  206  223  239  255  269  283  298  309  317  321
  326  328  329  327  324  321  315  310  301  292  281  272  262  251  241  229
  218  205  189  173  155  139  122  107   94
    65.0-180.0 180.0   5.0 450.0                            LAT/LON1/LON2/DLON/H
   96   85   77   72   70   70   72   75   77   77   76   73   70   66   64   63
   63   65   70   74   77   80   84   86   87   85   83   81   80   81   85   93
  104  117  133  151  171  192  211  227  244  260  274  288  302  313  322  328
  334  335  335  333  330  326  320  313  303  293  281  272  260  250  240  231
  220  207  193  176  160  143  126  110   96
    62.5-180.0 180.0   5.0 450.0                            LAT/LON1/LON2/DLON/H
   97   86   77   71   68   67   68   71   72   73   72   70   67   64   62   61
   61   64   69   72   75   77   80   82   82   81   79   75   74   74   79   88
  101  117  134  153  173  195  214  232  248  263  278  294  306  318  327  333
  339  340  340  338  334  330  322  314  302  291  278  268  256  246  235  226
  213  203  189  175  159  143  126  111   97
    60.0-180.0 180.0   5.0 450.0                            LAT/LON1/LON2/DLON/H
  100   88   78   72   67   65   66   67   69   70   70   68   66   63   62   61
   60   62   66   68   70   71   73   75   75   73   70   68   67   69   75   86
  101  120  138  159  180  198  217  235  252  269  285  300  314  324  333  340
  345  347  345  344  340  336  327  317  304  292  278  266  254  243  232  220
  207  196  182  169  155  140  126  112  100
    57.5-180.0 180.0   5.0 450.0                            LAT/LON1/LON2/DLON/H
  104   93   83   75   69   65   64   65   66   68   68   67   66   64   62   60
   60   60   62   63   63   64   64   66   66   65   64   62   62   65   74   87
  106  127  148  168  187  205  224  241  258  276  294  310  322  335  344  350
  354  355  356  354  350  344  337  324  309  297  285  273  260  248  235  220
  206  190  177  163  151  138  126  115  104
    55.0-180.0 180.0   5.0 450.0                            LAT/LON1/LON2/DLON/H
  112  102   93   83   75   69   65   64   65   66   67   68   67   65   63   61
   60   59   59   58   57   56   58   59   61   61   60   60   62   66   75   91
  114  137  159  178  197  214  231  249  268  286  304  319  333  346  355  361
  366  367  368  366  362  356  349  335  322  311  301  289  276  261  245  228
  212  195  178  163  151  140  130  121  112
    52.5-180.0 180.0   5.0 450.0                            LAT/LON1/LON2/DLON/H
  123  115  106   97   86   77   71   67   66   67   68   69   69   67   65   63
   61   60   58   56   55   54   56   58   61   62   62   63   64   69   80   99
  121  147  169  188  208  224  242  260  278  296  314  331  345  358  367  373
  378  381  380  378  374  368  361  351  341  331  321  310  296  280  263  243
  224  205  185  170  156  146  138  131  123
    50.0-180.0 180.0   5.0 450.0                            LAT/LON1/LON2/DLON/H
  136  130  122  113  101   90   81   74   71   70   71   71   71   69   67   66
   64   63   61   59   58   58   60   64   68   69   70   69   70   76   88  107
  133  156  178  198  216  234  252  271  289  307  323  339  355  367  375  382
  388  391  391  388  383  378  371  364  357  349  339  329  316  300  283  262
  240  219  198  180  167  156  148  142  136
    47.5-180.0 180.0   5.0 450.0                            LAT/LON1/LON2/DLON/H
  146  142  137  129  118  105   93   84   79   77   77   76   75   73   71   69
   68   68   67   67   66   68   72   75   79   81   80   78   77   82   95  114
  139  163  186  206  225  244  263  280  298  315  331  347  361  371  380  389
  396  399  399  396  390  383  378  372  366  358  349  340  329  316  299  280
  258  234  213  194  178  166  157  151  146
    45.0-180.0 180.0   5.0 450.0                            LAT/LON1/LON2/DLON/H
  149  147  146  142  133  121  108   98   90   86   84   82   80   77   75   74
   74   74   75   76   78   81   85   90   93   93   90   86   83   87   99  119
  142  167  190  211  231  252  271  290  307  322  337  351  363  373  383  393
  400  404  404  400  394  387  379  372  367  358  349  341  332  321  306  290
  269  248  226  206  188  171  160  154  149
    42.5-180.0 180.0   5.0 450.0                            LAT/LON1/LON2/DLON/H
  144  143  145  145  140  132  122  111  101   96   92   89   86   83   80   79
   80   82   84   87   90   94  100  104  105  104   98   91   87   89  100  119
  143  168  192  214  236  259  281  300  316  330  342  354  365  375  386  396
  402  406  405  401  394  386  377  369  361  352  342  333  324  314  302  289
  273  254  233  213  191  171  156  148  144
    40.0-180.0 180.0   5.0 450.0                            LAT/LON1/LON2/DLON/H
  127  128  133  137  139  135  128  119  110  104  100   96   93   88   86   85
   86   89   92   97  102  107  112  115  115  111  103   94   87   88  100  118
  141  166  190  215  240  266  290  310  325  337  348  358  368  378  389  398
  404  407  405  401  395  388  380  371  361  351  338  327  316  305  293  281
  269  254  234  211  189  165  145  133  127
    37.5-180.0 180.0   5.0 450.0                            LAT/LON1/LON2/DLON/H
  104  104  111  120  127  128  125  119  113  109  105  102   98   95   92   90
   92   95   99  105  110  115  120  122  120  115  105   94   85   86   98  118
  142  166  191  217  245  274  301  320  335  345  355  363  375  385  395  405
  410  412  411  408  405  403  398  391  380  367  351  335  318  303  289  277
  266  252  233  210  183  156  129  113  104
    35.0-180.0 180.0   5.0 450.0                            LAT/LON1/LON2/DLON/H
   81   76   82   94  105  112  113  110  108  106  106  105  104  100   97   97
   97  100  104  109  115  120  123  124  121  114  104   92   84   85   97  118
  143  168  194  221  251  283  311  331  344  354  362  371  383  397  409  418
  424  428  427  430  434  440  440  439  429  414  394  373  347  322  300  284
  270  257  238  212  180  147  119   96   81
    32.5-180.0 180.0   5.0 450.0                            LAT/LON1/LON2/DLON/H
   69   57   57   67   80   89   93   94   95   97  102  105  106  104  102  102
  102  104  107  112  117  121  123  123  119  112  102   91   83   85   98  121
  145  171  198  227  259  292  320  339  353  361  371  382  397  413  429  442
  452  455  461  473  488  504  515  522  515  500  476  448  411  373  338  311
  290  273  253  223  188  153  121   91   69
    30.0-180.0 180.0   5.0 450.0                            LAT/LON1/LON2/DLON/H
   81   61   50   52   60   68   72   75   79   85   94  102  105  106  106  106
  106  108  110  113  117  121  121  120  116  110  101   91   85   88  103  126
  152  178  205  233  265  299  327  347  360  372  383  396  414  437  456  474
  488  500  514  540  566  595  616  637  635  621  594  561  513  457  405  365
  334  313  290  254  218  181  146  113   81
    27.5-180.0 180.0   5.0 450.0                            LAT/LON1/LON2/DLON/H
  126   91   67   57   55   59   61   61   65   73   85   96  102  105  107  108
  109  110  112  115  117  119  119  117  115  110  103   95   89   93  109  134
  161  188  213  242  274  307  334  354  369  385  397  414  437  463  488  510
  534  556  582  619  660  703  738  764  770  759  734  691  642  569  498  444
  399  373  344  304  272  234  199  165  126
    25.0-180.0 180.0   5.0 450.0                            LAT/LON1/LON2/DLON/H
  202  157  117   92   78   71   66   62   63   70   80   90   97  102  105  108
  110  111  113  116  119  119  118  116  115  112  107   99   94   99  115  143
  171  198  223  252  283  315  342  362  379  397  413  436  461  492  522  551
  581  615  651  701  758  801  845  876  891  888  868  826  771  693  607  541
  483  449  411  376  345  308  277  245  202
    22.5-180.0 180.0   5.0 450.0                            LAT/LON1/LON2/DLON/H
  299  251  205  163  131  111   95   84   77   78   83   90   95  100  103  106
  109  111  113  118  120  120  119  117  117  117  112  105  100  104  122  151
  181  208  233  262  292  323  350  371  392  410  432  458  489  521  555  590
  626  667  709  764  824  870  909  936  955  962  951  921  867  795  709  637
  574  529  486  452  416  389  372  342  299
    20.0-180.0 180.0   5.0 450.0                            LAT/LON1/LON2/DLON/H
  402  357  309  258  213  178  149  128  110  101   99   98   98   98  101  104
  107  110  113  117  120  120  120  119  120  122  118  109  104  109  129  160
  190  217  244  271  301  331  358  382  404  429  455  485  517  549  587  626
  663  704  742  785  834  879  906  926  943  954  955  941  898  833  764  701
  644  594  548  513  484  469  454  434  402
    17.5-180.0 180.0   5.0 450.0                            LAT/LON1/LON2/DLON/H
  486  446  411  360  308  263  222  192  162  142  127  115  109  103  102  104
  106  109  111  114  118  119  119  119  122  125  122  112  105  112  135  166
  197  225  252  280  310  340  368  395  424  452  482  514  545  576  613  649
  682  716  744  772  805  837  855  869  881  890  900  896  872  834  779  722
  675  631  587  548  524  516  515  504  486
    15.0-180.0 180.0   5.0 450.0                            LAT/LON1/LON2/DLON/H
  532  515  483  445  395  343  308  264  226  193  167  140  125  112  106  104
  105  105  107  110  113  116  116  117  121  125  121  110  104  111  136  168
  200  231  259  288  319  349  379  410  444  477  512  543  572  598  629  655
  681  704  722  738  757  777  786  790  796  806  821  827  820  798  766  722
  682  644  603  560  533  526  531  535  532
    12.5-180.0 180.0   5.0 450.0                            LAT/LON1/LON2/DLON/H
  531  534  525  504  467  420  377  334  297  254  213  178  154  128  115  107
  103  101  101  103  107  110  111  113  118  121  117  107  100  110  135  168
  203  236  265  295  326  356  388  423  463  502  539  571  595  617  637  656
  669  682  691  697  707  715  715  712  713  723  740  757  762  756  740  712
  677  643  602  557  524  509  511  521  531
    10.0-180.0 180.0   5.0 450.0                            LAT/LON1/LON2/DLON/H
  500  516  523  519  502  468  434  395  356  310  262  218  187  149  129  115
  106   99   96   96  100  103  106  109  114  117  113  103   98  110  136  171
  207  240  270  300  331  362  396  434  476  521  561  591  613  630  645  654
  658  663  664  664  669  670  665  658  655  662  679  699  711  714  709  695
  670  639  596  545  502  476  474  481  500
     7.5-180.0 180.0   5.0 450.0                            LAT/LON1/LON2/DLON/H
  460  480  494  503  501  481  459  434  397  353  304  255  218  172  147  127
  112  100   93   93   96   99  102  107  112  116  111  101   99  112  140  177
  211  243  273  303  333  365  397  437  483  530  572  604  626  642  652  656
  655  655  653  652  655  654  649  643  638  641  653  669  681  685  684  680
  666  639  592  536  484  448  434  440  460
     5.0-180.0 180.0   5.0 450.0                            LAT/LON1/LON2/DLON/H
  428  447  463  474  476  469  458  442  415  378  332  282  244  197  167  142
  122  105   95   94   96   99  102  108  114  118  112  104  104  120  149  183
  217  246  274  302  333  363  394  435  483  532  576  609  633  649  658  664
  667  666  663  664  667  668  667  665  662  662  666  672  676  677  675  674
  667  644  596  535  478  435  414  414  428
     2.5-180.0 180.0   5.0 450.0                            LAT/LON1/LON2/DLON/H
  419  432  445  455  450  447  446  435  418  387  347  299  262  218  184  159
  132  113  102  100  103  106  108  113  119  122  118  111  114  130  158  191
  221  247  272  300  328  356  388  428  475  525  567  604  632  652  667  683
  690  692  692  697  702  707  714  717  717  715  713  706  695  686  680  677
  670  651  605  544  487  444  419  413  419
