examples/igsg2860.11i
     1.0            IONOSPHERE MAPS     MIX                 IONEX VERSION / TYPE
cmpcmb v1.2          GRL/UWM            25-oct-11 06:06     PGM / RUN BY / DATE 
ionex file containing IGS COMBINED Ionosphere maps          COMMENT             
global ionosphere maps for day 286, 2011                    DESCRIPTION         
IONEX file containing the COMBINED IGS TEC MAPS and DCBs    DESCRIPTION         
      IONEX files of the following IAACs were combined: cod DESCRIPTION         
                                                        esa DESCRIPTION         
                                                        jpl DESCRIPTION         
                                                        upc DESCRIPTION         
Contact address: Andrzej Krankowski                         DESCRIPTION
                 Geodynamics Research Laboratory            DESCRIPTION
                 University of Warmia and Mazury (GRL/UWM)  DESCRIPTION
                 Oczapowski St. 1                           DESCRIPTION
                 10-957-Olsztyn, POLAND                     DESCRIPTION
                 e-mail:  kand@uwm.edu.pl                   DESCRIPTION
                                                            DESCRIPTION         
  2011    10    13     0     0     0                        EPOCH OF FIRST MAP  
  2011    10    14     0     0     0                        EPOCH OF LAST MAP   
  7200                                                      INTERVAL            
    13                                                      # OF MAPS IN FILE   
  COSZ                                                      MAPPING FUNCTION    
     0.0                                                    ELEVATION CUTOFF    
combined TEC calculated as weighted mean of input TEC valuesOBSERVABLES USED    
   371                                                      # OF STATIONS       
    32                                                      # OF SATELLITES     
  6371.0                                                    BASE RADIUS         
     2                                                      MAP DIMENSION       
   450.0 450.0   0.0                                        HGT1 / HGT2 / DHGT  
    87.5 -87.5  -2.5                                        LAT1 / LAT2 / DLAT  
  -180.0 180.0   5.0                                        LON1 / LON2 / DLON  
    -1                                                      EXPONENT            
TEC values in 0.1 tec units;  9999, if no value available   COMMENT             
DCB values in nanoseconds, reference is Sum_of_SatDCBs = 0  COMMENT             
                                                            END OF HEADER       
[from data line 2574]
     7                                                      START OF TEC MAP    
  2011    10    13    12     0     0                        EPOCH OF CURRENT MAP
    87.5-180.0 180.0   5.0 450.0                            LAT/LON1/LON2/DLON/H
  116  117  118  119  119  119  120  121  121  122  122  122  122  123  123  123
  124  125  125  125  126  127  127  127  128  129  129  131  131  132  132  133
  133  134  133  133  133  132  132  130  130  129  127  126  125  124  122  122
  120  119  117  116  115  114  113  112  112  111  111  110  110  110  109  110
  111  111  112  112  113  114  114  116  116
    85.0-180.0 180.0   5.0 450.0                            LAT/LON1/LON2/DLON/H
  112  113  115  115  116  117  117  117  117  116  116  116  115  115  114  115
  115  114  115  117  118  120  121  123  126  129  132  135  137  142  144  146
  149  150  149  148  148  147  145  142  140  136  133  129  125  122  118  114
  110  107  104  101   97   96   95   93   92   90   90   88   88   89   90   92
   94   96   98  101  103  105  108  110  112
    82.5-180.0 180.0   5.0 450.0                            LAT/LON1/LON2/DLON/H
  105  107  108  108  107  107  105  104  102  101  100   99   98   98   97   98
  100  101  102  103  105  108  111  116  122  129  136  140  146  150  153  156
  158  160  160  159  158  156  153  150  146  142  138  133  127  121  116  110
  104   99   94   90   85   83   80   77   75   74   72   72   72   73   75   78
   81   85   88   91   95   98  100  103  105
    80.0-180.0 180.0   5.0 450.0                            LAT/LON1/LON2/DLON/H
   98  100   99   99   97   96   95   93   91   87   85   83   81   79   77   77
   76   77   78   81   86   95  100  111  119  126  132  139  146  153  158  163
  169  172  174  174  173  169  165  160  155  149  143  137  131  125  118  111
  106  101   95   90   86   82   78   74   70   68   66   65   65   66   67   70
   74   77   81   84   87   91   94   97   98
    77.5-180.0 180.0   5.0 450.0                            LAT/LON1/LON2/DLON/H
   93   92   93   91   90   89   86   84   80   76   73   69   66   63   61   62
   63   65   67   70   75   82   91   99  110  119  130  140  149  159  166  174
  178  183  186  186  186  183  179  174  168  161  154  146  140  133  127  121
  117  112  107  102   98   94   89   84   79   76   73   71   70   69   70   71
   73   75   77   81   83   87   90   91   93
    75.0-180.0 180.0   5.0 450.0                            LAT/LON1/LON2/DLON/H
   87   88   88   88   87   85   82   77   72   68   63   59   56   54   53   53
   55   57   60   65   73   81   89  100  111  121  133  147  160  172  183  192
  197  202  204  205  202  199  194  188  183  178  171  165  157  151  145  141
  137  134  130  125  120  117  111  105   99   94   89   85   82   80   79   78
   78   78   79   80   81   84   84   86   87
    72.5-180.0 180.0   5.0 450.0                            LAT/LON1/LON2/DLON/H
   83   85   86   85   83   81   78   73   68   63   59   56   53   51   52   53
   54   58   63   69   77   86   96  107  118  130  143  157  170  183  195  205
  214  220  222  222  222  217  211  206  201  195  191  185  180  175  170  168
  164  163  160  155  150  145  140  131  124  117  110  102   98   94   91   87
   84   82   81   80   80   80   81   82   83
    70.0-180.0 180.0   5.0 450.0                            LAT/LON1/LON2/DLON/H
   79   80   81   82   82   81   77   73   69   65   62   59   57   57   57   59
   62   67   72   80   89   99  109  121  132  142  154  167  182  193  204  215
  226  232  235  238  237  234  230  226  222  216  212  206  202  198  195  194
  192  189  187  183  177  171  164  157  146  137  129  120  114  108  101   95
   90   85   82   79   78   77   77   79   79
    67.5-180.0 180.0   5.0 450.0                            LAT/LON1/LON2/DLON/H
   73   74   76   78   81   80   78   77   74   71   69   66   66   66   67   70
   74   79   85   94  104  116  126  136  146  156  166  176  188  200  211  221
  231  240  246  248  250  249  247  244  240  236  232  227  224  220  218  215
  214  211  209  203  198  191  181  171  161  151  141  131  123  115  108  101
   95   89   84   80   76   74   73   74   73
    65.0-180.0 180.0   5.0 450.0                            LAT/LON1/LON2/DLON/H
   67   68   71   74   77   79   80   80   79   79   78   76   77   78   78   81
   85   90   96  105  116  128  139  148  159  167  175  183  193  204  215  226
  235  246  252  256  259  261  260  258  257  254  251  247  243  239  235  232
  229  227  223  217  207  199  187  177  166  155  144  134  125  117  110  103
   97   90   85   80   75   72   69   67   67
    62.5-180.0 180.0   5.0 450.0                            LAT/LON1/LON2/DLON/H
   65   65   67   68   72   75   78   80   82   83   85   85   87   88   87   88
   92   94  101  112  123  135  147  156  165  173  180  187  196  207  218  230
  241  252  258  262  267  269  269  270  271  270  266  264  259  253  248  243
  238  234  229  220  211  200  189  177  166  153  143  132  124  115  108  101
   95   88   83   78   74   71   68   65   65
    60.0-180.0 180.0   5.0 450.0                            LAT/LON1/LON2/DLON/H
   65   65   65   67   70   73   76   78   81   83   85   87   91   90   90   90
   92   94  100  111  123  136  148  159  167  174  181  189  198  210  223  236
  250  263  268  270  274  277  279  282  285  285  282  278  273  265  258  250
  244  238  231  221  212  200  190  178  167  154  143  133  124  115  107  100
   93   88   83   79   75   72   69   66   65
    57.5-180.0 180.0   5.0 450.0                            LAT/LON1/LON2/DLON/H
   69   68   67   68   70   71   74   76   79   80   81   83   87   87   86   87
   87   89   94  106  118  132  146  158  169  175  183  192  204  218  233  248
  262  276  282  281  284  287  291  295  298  299  297  293  286  278  268  260
  251  244  236  228  218  206  196  184  173  160  150  140  130  121  111  104
   96   90   85   82   79   76   73   71   69
    55.0-180.0 180.0   5.0 450.0                            LAT/LON1/LON2/DLON/H
   76   73   71   71   72   73   74   76   78   79   79   80   81   80   78   78
   77   79   85   98  114  129  144  158  170  179  187  198  213  230  247  263
  276  288  293  294  296  299  304  308  313  314  313  309  302  293  282  272
  263  254  246  239  229  220  209  197  186  174  165  154  143  133  123  113
  104   97   92   88   85   82   81   78   76
    52.5-180.0 180.0   5.0 450.0                            LAT/LON1/LON2/DLON/H
   85   81   78   76   76   76   77   78   79   80   80   79   78   76   72   70
   69   71   79   93  111  129  146  161  174  186  195  209  225  245  263  280
  293  301  307  309  311  315  320  324  327  328  328  324  317  308  297  287
  278  269  260  253  245  238  227  214  204  193  184  174  163  152  141  128
  118  109  104  100   97   93   91   89   85
    50.0-180.0 180.0   5.0 450.0                            LAT/LON1/LON2/DLON/H
   96   91   87   84   82   81   80   81   83   84   84   82   80   77   71   67
   66   69   79   95  113  134  151  168  183  195  206  220  238  259  280  296
  308  317  321  325  328  333  338  341  343  343  342  339  334  326  316  307
  297  288  280  272  264  255  244  234  221  212  203  194  183  172  160  148
  136  126  121  116  112  108  105  101   96
    47.5-180.0 180.0   5.0 450.0                            LAT/LON1/LON2/DLON/H
  108  101   96   92   88   86   85   86   88   90   90   88   86   81   75   71
   69   73   84  102  122  144  162  180  195  206  218  232  251  272  292  307
  319  327  333  339  345  351  356  359  360  359  357  355  351  346  338  328
  318  307  297  290  281  270  257  245  233  223  215  206  197  188  176  164
  153  144  138  133  129  123  118  113  108
    45.0-180.0 180.0   5.0 450.0                            LAT/LON1/LON2/DLON/H
  118  111  105  100   96   93   91   92   95   97   97   96   93   89   83   77
   76   81   93  113  134  156  174  191  206  218  229  242  259  279  296  310
  322  333  342  351  359  368  374  377  377  375  373  371  370  366  359  349
  337  325  313  304  292  279  264  249  234  222  213  206  199  191  182  173
  163  156  150  146  141  135  129  123  118
    42.5-180.0 180.0   5.0 450.0                            LAT/LON1/LON2/DLON/H
  125  118  112  107  102   99   98   99  101  105  106  104  102   97   92   86
   85   91  105  125  147  168  185  201  214  227  238  251  264  279  294  307
  321  335  347  359  372  384  393  397  397  395  391  389  389  386  378  368
  353  339  325  313  299  282  263  245  226  210  199  193  187  181  176  169
  163  157  153  149  145  140  135  129  125
    40.0-180.0 180.0   5.0 450.0                            LAT/LON1/LON2/DLON/H
  125  120  116  111  107  104  103  104  107  110  112  111  109  106  100   96
   94  100  115  134  158  177  193  208  220  232  244  254  266  277  289  303
  319  335  352  368  385  401  413  421  423  419  415  412  413  406  397  386
  370  354  338  323  304  284  261  238  214  195  181  173  167  163  160  156
  152  149  146  143  140  137  133  128  125
    37.5-180.0 180.0   5.0 450.0                            LAT/LON1/LON2/DLON/H
  120  117  114  111  108  106  105  106  109  112  114  114  113  111  107  103
  101  107  121  141  163  182  197  211  224  237  247  256  266  274  284  298
  317  338  360  380  402  423  440  449  453  449  444  441  443  434  421  410
  394  377  358  341  320  297  270  240  213  190  173  162  153  148  144  142
  139  137  135  133  129  127  124  121  120
    35.0-180.0 180.0   5.0 450.0                            LAT/LON1/LON2/DLON/H
  111  110  110  108  106  105  105  106  109  112  113  113  115  114  110  107
  106  111  124  143  166  183  199  213  226  239  250  258  266  273  284  300
  320  344  371  399  425  449  468  482  490  488  479  479  479  468  454  442
  427  412  393  376  354  328  299  266  235  209  189  172  159  148  141  136
  133  130  127  123  119  117  114  110  111
    32.5-180.0 180.0   5.0 450.0                            LAT/LON1/LON2/DLON/H
  103  104  105  103  102  102  103  105  107  109  109  110  112  114  112  109
  108  113  126  146  166  183  200  215  229  243  253  261  267  275  288  306
  330  359  391  424  453  478  502  521  532  535  529  527  523  516  503  491
  477  465  450  435  413  386  356  323  291  263  240  217  195  176  161  151
  144  137  131  124  117  113  108  103  103
    30.0-180.0 180.0   5.0 450.0                            LAT/LON1/LON2/DLON/H
  102  103  101   99   98   99  100  103  105  105  105  105  109  112  112  110
  109  114  127  147  167  185  202  219  235  248  258  265  272  282  296  319
  347  380  417  456  490  522  545  567  577  589  586  583  579  573  565  557
  547  543  534  520  499  472  443  412  379  350  327  295  263  233  208  190
  177  164  154  142  130  120  111  106  102
    27.5-180.0 180.0   5.0 450.0                            LAT/LON1/LON2/DLON/H
  114  110  104   99   96   96   98  102  103  103  101  102  105  110  112  111
  110  115  128  150  171  190  209  226  243  256  265  273  281  294  312  336
  369  408  449  494  535  567  590  610  621  638  640  640  642  644  647  643
  638  640  634  622  606  576  549  518  486  458  436  398  356  316  281  255
  232  215  200  181  163  146  131  122  114
    25.0-180.0 180.0   5.0 450.0                            LAT/LON1/LON2/DLON/H
  137  125  114  105  100   98   99  101  102  101  100  100  103  108  111  112
  111  118  133  155  178  199  218  237  254  266  275  283  295  312  334  361
  395  438  488  542  586  607  633  646  656  674  683  694  707  720  732  732
  731  736  736  723  712  685  660  627  593  571  543  505  458  412  370  339
  309  285  266  237  216  191  169  152  137
    22.5-180.0 180.0   5.0 450.0                            LAT/LON1/LON2/DLON/H
  169  148  132  119  109  104  102  103  103  103  101  100  102  107  111  112
  114  123  140  164  188  209  231  250  268  280  287  298  315  335  360  387
  424  471  526  585  633  642  661  671  682  702  721  743  765  786  802  806
  809  811  812  808  796  771  745  707  669  639  611  579  536  494  456  425
  392  368  339  304  279  247  217  191  169
    20.0-180.0 180.0   5.0 450.0                            LAT/LON1/LON2/DLON/H
  208  177  154  136  122  113  109  109  107  106  103  102  103  107  110  113
  116  127  148  175  200  221  243  265  282  295  304  316  338  361  387  415
  453  503  563  628  669  670  677  685  700  723  749  779  807  832  849  854
  856  855  854  847  832  809  773  721  674  636  610  586  559  528  508  490
  463  440  406  370  341  304  269  235  208
    17.5-180.0 180.0   5.0 450.0                            LAT/LON1/LON2/DLON/H
  245  208  180  157  137  123  117  116  114  111  108  105  104  106  110  113
  118  131  155  184  210  232  253  275  294  309  321  337  360  387  414  441
  479  530  591  653  683  684  685  694  711  738  768  800  830  855  868  871
  864  854  845  831  814  787  739  672  613  572  552  540  530  518  514  515
  507  488  459  425  385  349  312  275  245
    15.0-180.0 180.0   5.0 450.0                            LAT/LON1/LON2/DLON/H
  272  234  207  179  154  136  126  122  120  118  114  108  105  106  109  113
  119  134  160  192  219  241  261  282  302  320  336  357  383  411  436  463
  499  547  605  656  680  684  687  699  720  746  775  803  831  850  856  852
  835  815  796  778  758  729  672  594  526  481  467  464  469  474  487  504
  517  507  485  452  416  379  342  302  272
    12.5-180.0 180.0   5.0 450.0                            LAT/LON1/LON2/DLON/H
  295  257  229  201  173  150  135  128  127  125  120  113  107  106  109  114
  122  137  165  198  227  247  266  286  307  329  350  375  404  433  456  481
  513  555  604  646  670  678  686  703  724  749  772  794  814  823  820  805
  782  755  731  711  691  661  599  517  443  398  386  390  399  417  440  470
  498  500  483  455  423  391  358  322  295
    10.0-180.0 180.0   5.0 450.0                            LAT/LON1/LON2/DLON/H
  308  273  248  220  191  166  144  134  133  132  127  119  112  110  113  118
  126  142  170  204  233  254  272  290  313  337  362  391  423  451  474  496
  522  559  598  633  656  670  685  705  728  747  763  776  786  785  774  750
  723  695  673  653  635  605  544  462  390  348  338  347  358  374  400  430
  462  473  464  440  413  389  363  332  308
     7.5-180.0 180.0   5.0 450.0                            LAT/LON1/LON2/DLON/H
  314  279  256  231  202  176  155  143  141  140  136  128  120  117  118  124
  133  149  178  213  242  263  280  298  320  344  372  405  439  468  490  508
  530  560  593  621  644  662  685  708  729  742  750  756  757  749  731  704
  676  653  635  620  606  579  526  447  380  343  338  347  354  360  378  400
  426  442  439  421  400  382  361  335  314
     5.0-180.0 180.0   5.0 450.0                            LAT/LON1/LON2/DLON/H
  317  283  257  232  207  183  164  152  150  149  146  138  129  126  127  131
  141  160  189  225  254  276  291  307  328  352  382  418  451  480  501  518
  538  563  590  613  634  658  685  711  729  737  739  738  735  723  703  679
  656  641  629  624  615  591  543  473  417  386  384  388  383  375  377  390
  410  425  419  408  392  375  357  335  317
     2.5-180.0 180.0   5.0 450.0                            LAT/LON1/LON2/DLON/H
  313  287  262  236  211  189  173  163  158  157  154  148  140  136  136  140
  151  172  202  238  267  290  305  319  337  360  390  427  460  487  509  526
  544  566  589  609  628  653  683  709  726  731  729  726  721  709  691  674
  662  658  658  659  654  630  587  532  492  471  468  460  438  410  397  398
  407  416  410  400  387  372  355  330  313
