examples/igsg2820.11i
     1.0            IONOSPHERE MAPS     MIX                 IONEX VERSION / TYPE
cmpcmb v1.2          GRL/UWM            25-oct-11 05:43     PGM / RUN BY / DATE 
ionex file containing IGS COMBINED Ionosphere maps          COMMENT             
global ionosphere maps for day 282, 2011                    DESCRIPTION         
IONEX file containing the COMBINED IGS TEC MAPS and DCBs    DESCRIPTION         
      IONEX files of the following IAACs were combined: cod DESCRIPTION         
                                                        esa DESCRIPTION         
                                                        jpl DESCRIPTION         
                                                        upc DESCRIPTION         
Contact address: Andrzej Krankowski                         DESCRIPTION
                 Geodynamics Research Laboratory            DESCRIPTION
                 University of Warmia and Mazury (GRL/UWM)  DESCRIPTION
                 Oczapowski St. 1                           DESCRIPTION
                 10-957-Olsztyn, POLAND                     DESCRIPTION
                 e-mail:  kand@uwm.edu.pl                   DESCRIPTION
                                                            DESCRIPTION         
  2011    10     9     0     0     0                        EPOCH OF FIRST MAP  
  2011    10    10     0     0     0                        EPOCH OF LAST MAP   
  7200                                                      INTERVAL            
    13                                                      # OF MAPS IN FILE   
  COSZ                                                      MAPPING FUNCTION    
     0.0                                                    ELEVATION CUTOFF    
combined TEC calculated as weighted mean of input TEC valuesOBSERVABLES USED    
   371                                                      # OF STATIONS       
    32                                                      # OF SATELLITES     
  6371.0                                                    BASE RADIUS         
     2                                                      MAP DIMENSION       
   450.0 450.0   0.0                                        HGT1 / HGT2 / DHGT  
    87.5 -87.5  -2.5                                        LAT1 / LAT2 / DLAT  
  -180.0 180.0   5.0                                        LON1 / LON2 / DLON  
    -1                                                      EXPONENT            
TEC values in 0.1 tec units;  9999, if no value available   COMMENT             
DCB values in nanoseconds, reference is Sum_of_SatDCBs = 0  COMMENT             
                                                            END OF HEADER       
[from data line 5148]
    13                                                      START OF TEC MAP    
  2011    10    10     0     0     0                        EPOCH OF CURRENT MAP
    87.5-180.0 180.0   5.0 450.0                            LAT/LON1/LON2/DLON/H
  129  130  131  133  133  135  135  136  136  138  137  138  138  138  137  137
  136  135  134  133  131  130  128  127  125  123  121  119  117  115  113  111
  109  108  106  105  104  103  103  102  102  101  102  102  102  102  102  102
  103  104  104  105  105  106  108  108  110  111  112  113  114  116  117  118
  120  121  122  124  125  126  127  128  129
    85.0-180.0 180.0   5.0 450.0                            LAT/LON1/LON2/DLON/H
  143  145  148  150  153  155  158  161  162  165  165  165  166  166  165  164
  163  162  159  155  152  148  147  143  135  128  123  118  114  111  108  105
  102   99   97   94   92   91   90   90   90   90   91   92   92   94   94   96
   98   99  101  102  103  104  106  107  109  111  112  115  117  119  121  123
  125  128  130  132  134  136  138  141  143
    82.5-180.0 180.0   5.0 450.0                            LAT/LON1/LON2/DLON/H
  162  167  171  176  179  182  185  187  188  190  190  190  190  190  189  188
  186  183  181  177  174  168  166  149  140  138  137  129  123  116  111  105
  100   96   93   90   89   88   87   86   87   87   88   90   92   94   96   98
   99  100  102  104  105  107  108  109  111  112  115  118  121  124  126  129
  132  136  140  144  147  151  154  157  162
    80.0-180.0 180.0   5.0 450.0                            LAT/LON1/LON2/DLON/H
  181  185  190  193  197  200  202  203  204  206  206  207  207  207  206  204
  203  201  198  195  192  186  181  167  158  153  147  141  133  125  117  109
  101   95   90   89   87   87   88   90   91   93   94   96   98  101  103  104
  106  107  107  108  109  111  112  112  114  115  118  121  124  127  131  135
  140  145  150  156  162  166  171  176  181
    77.5-180.0 180.0   5.0 450.0                            LAT/LON1/LON2/DLON/H
  196  202  206  211  215  218  220  220  221  220  219  218  219  217  214  211
  208  204  201  197  193  192  185  178  172  167  159  151  143  135  128  119
  110  101   95   91   89   89   90   92   96   98  101  104  106  108  110  110
  111  112  112  111  111  113  114  114  115  117  118  121  125  128  133  139
  144  151  158  165  171  177  183  191  196
    75.0-180.0 180.0   5.0 450.0                            LAT/LON1/LON2/DLON/H
  211  217  222  226  229  230  231  230  228  227  227  226  223  218  214  211
  205  200  197  195  192  188  183  177  175  169  163  156  147  139  128  121
  114  108  103   99   98   96   98   99  101  103  106  109  110  111  111  111
  111  110  110  109  109  109  110  111  112  114  116  119  123  127  133  138
  146  153  162  170  178  186  195  203  211
    72.5-180.0 180.0   5.0 450.0                            LAT/LON1/LON2/DLON/H
  219  225  230  233  236  237  237  236  235  232  227  223  217  213  206  198
  191  186  182  176  175  172  172  168  167  165  161  157  151  140  131  122
  117  112  108  105  103  103  103  104  106  106  108  109  108  108  107  105
  103  102  101  100   99   99  101  102  105  108  110  114  119  124  130  137
  145  154  163  173  183  193  203  211  219
    70.0-180.0 180.0   5.0 450.0                            LAT/LON1/LON2/DLON/H
  223  230  235  239  241  241  241  241  239  233  227  219  211  203  191  181
  171  163  156  151  152  152  155  154  155  156  153  151  147  141  132  124
  116  112  108  104  102  103  102  102  103  103  102  102   99   97   95   93
   90   88   85   85   85   85   88   91   97  101  106  111  116  121  129  136
  144  152  162  172  184  196  206  216  223
    67.5-180.0 180.0   5.0 450.0                            LAT/LON1/LON2/DLON/H
  227  233  238  241  241  242  243  244  241  237  228  218  206  192  180  165
  151  139  130  126  126  130  134  137  140  141  140  138  136  133  126  118
  112  107  102   98   96   95   94   93   92   91   90   88   85   82   78   75
   72   70   67   66   68   70   75   81   88   96  102  109  115  121  129  136
  143  151  161  172  183  197  208  219  227
    65.0-180.0 180.0   5.0 450.0                            LAT/LON1/LON2/DLON/H
  230  235  239  241  241  242  244  244  243  241  233  222  208  191  175  156
  139  124  112  106  106  110  112  116  120  122  123  121  120  116  111  105
   99   94   91   87   85   82   81   80   76   75   74   73   70   67   63   60
   56   52   50   50   52   57   64   73   83   93  102  110  118  127  133  140
  146  153  162  172  185  197  209  221  230
    62.5-180.0 180.0   5.0 450.0                            LAT/LON1/LON2/DLON/H
  232  238  242  243  243  243  243  243  244  243  238  230  215  199  177  156
  139  121  106   98   95   95   95   98  101  102  103  101  100   96   92   87
   82   77   74   72   70   67   65   64   62   61   60   60   60   57   53   49
   45   42   39   39   42   48   57   69   81   94  105  116  124  134  141  148
  154  160  167  177  188  200  212  224  232
    60.0-180.0 180.0   5.0 450.0                            LAT/LON1/LON2/DLON/H
  238  243  247  248  246  246  245  245  246  245  241  235  223  210  188  167
  150  132  115  104   97   93   90   88   87   86   84   82   81   76   73   70
   65   61   58   57   55   53   52   51   52   52   54   56   56   55   52   47
   42   38   36   36   38   46   56   70   82   98  111  124  134  145  153  160
  168  173  180  187  198  208  219  230  238
    57.5-180.0 180.0   5.0 450.0                            LAT/LON1/LON2/DLON/H
  250  254  257  258  255  252  251  249  249  246  243  239  233  223  204  187
  171  152  136  122  111  101   93   87   81   77   73   68   66   62   59   56
   53   50   48   47   46   45   45   47   50   52   57   60   61   61   58   53
   49   44   41   41   43   50   61   74   88  105  120  135  147  158  168  177
  185  192  199  205  214  223  233  242  250
    55.0-180.0 180.0   5.0 450.0                            LAT/LON1/LON2/DLON/H
  268  272  275  274  269  264  259  255  253  249  247  244  240  233  219  207
  194  179  164  148  132  118  106   94   85   77   71   66   60   56   53   49
   47   46   45   46   47   47   49   53   57   62   68   71   72   72   70   66
   61   57   53   53   54   61   71   83   99  116  132  147  160  173  185  196
  207  216  224  232  238  245  254  261  268
    52.5-180.0 180.0   5.0 450.0                            LAT/LON1/LON2/DLON/H
  293  296  297  294  288  280  273  266  261  256  252  249  246  242  234  225
  215  205  191  175  157  138  122  106   94   84   79   74   66   60   56   51
   49   50   52   54   56   58   62   67   71   77   82   86   87   86   84   82
   76   74   70   70   71   75   84   97  113  130  145  160  174  188  202  217
  230  242  252  260  268  273  281  287  293
    50.0-180.0 180.0   5.0 450.0                            LAT/LON1/LON2/DLON/H
  320  324  323  320  312  302  292  282  273  266  260  255  252  248  243  239
  231  224  210  195  176  157  138  121  106   96   90   85   77   70   65   60
   58   60   64   68   71   75   79   83   87   92   97  100  101  101  100   97
   93   91   90   89   90   93  101  114  129  146  161  175  189  202  218  235
  251  266  279  288  296  303  310  315  320
    47.5-180.0 180.0   5.0 450.0                            LAT/LON1/LON2/DLON/H
  347  350  349  345  337  326  314  302  290  279  270  263  259  255  252  249
  243  236  223  207  189  170  151  135  120  109  102   95   89   82   76   72
   69   72   77   83   86   91   94   98  101  106  109  112  112  113  112  111
  109  109  108  107  108  112  120  132  148  164  177  191  203  216  232  251
  269  286  302  311  320  328  335  342  347
    45.0-180.0 180.0   5.0 450.0                            LAT/LON1/LON2/DLON/H
  371  373  372  369  361  352  339  325  310  298  286  276  270  265  261  258
  251  243  229  212  194  177  160  145  132  121  113  106  100   92   86   80
   78   80   86   92   97  101  104  108  112  115  118  119  121  122  123  124
  124  126  125  123  125  130  137  151  167  182  194  206  218  228  243  261
  280  299  316  328  337  347  357  365  371
    42.5-180.0 180.0   5.0 450.0                            LAT/LON1/LON2/DLON/H
  388  390  390  388  383  374  363  349  333  319  305  292  284  279  274  267
  258  246  230  212  196  180  166  151  138  128  120  113  107   98   90   85
   83   85   90   96  101  105  108  112  117  121  123  124  125  127  131  134
  136  138  137  137  140  146  154  168  184  199  211  222  231  239  250  266
  285  303  320  335  347  359  373  382  388
    40.0-180.0 180.0   5.0 450.0                            LAT/LON1/LON2/DLON/H
  400  403  402  401  399  394  384  371  356  341  328  314  305  298  290  279
  266  249  231  213  197  183  170  155  142  129  120  113  108  100   91   86
   84   85   89   95  100  105  109  114  119  123  126  126  128  131  137  142
  145  146  145  146  149  155  166  180  196  212  225  236  243  249  256  268
  283  302  318  334  349  365  382  394  400
    37.5-180.0 180.0   5.0 450.0                            LAT/LON1/LON2/DLON/H
  410  414  413  412  412  409  404  391  379  364  352  339  329  320  309  296
  278  258  236  217  200  185  174  159  144  128  116  112  110  100   91   87
   84   84   87   93   98  104  109  115  120  125  129  131  134  138  143  148
  150  149  148  148  152  160  170  185  203  220  235  247  255  260  262  270
  281  297  314  331  348  368  388  403  410
    35.0-180.0 180.0   5.0 450.0                            LAT/LON1/LON2/DLON/H
  423  425  425  424  425  426  421  410  400  390  378  366  357  345  332  317
  297  273  247  225  204  190  177  162  145  127  114  116  116  103   95   92
   89   88   90   96  101  107  112  118  124  130  135  139  142  146  150  152
  151  149  146  145  150  159  170  187  206  224  241  257  267  271  273  277
  285  299  316  333  354  375  397  415  423
    32.5-180.0 180.0   5.0 450.0                            LAT/LON1/LON2/DLON/H
  444  446  444  442  441  444  440  430  420  413  402  392  382  371  357  341
  318  293  263  235  211  193  180  164  146  128  118  122  123  114  108  105
  102  100  102  107  113  119  122  127  134  141  147  150  152  154  155  153
  149  144  140  139  144  154  169  187  207  227  246  264  278  286  289  294
  300  312  329  349  370  392  415  433  444
    30.0-180.0 180.0   5.0 450.0                            LAT/LON1/LON2/DLON/H
  478  480  476  470  469  468  463  454  444  435  428  418  408  397  381  363
  340  312  278  246  217  196  181  167  150  134  126  131  135  135  132  129
  126  124  125  130  135  144  144  144  149  156  161  163  163  161  157  151
  144  137  132  132  136  148  165  185  207  228  249  270  289  302  311  319
  329  342  361  381  402  425  447  468  478
    27.5-180.0 180.0   5.0 450.0                            LAT/LON1/LON2/DLON/H
  534  532  524  514  509  506  501  487  474  462  454  444  433  420  403  383
  360  329  291  254  222  198  182  172  159  148  144  152  161  166  167  164
  161  158  159  163  167  179  174  168  168  172  175  175  171  164  155  146
  137  128  122  122  129  142  161  183  207  231  253  277  300  320  337  354
  373  389  414  434  456  478  498  522  534
    25.0-180.0 180.0   5.0 450.0                            LAT/LON1/LON2/DLON/H
  602  594  589  576  566  559  550  532  513  497  486  473  460  443  424  401
  375  342  301  260  223  198  187  181  176  173  176  190  203  210  211  207
  203  200  199  201  203  213  208  194  187  186  186  182  174  163  150  137
  127  118  112  112  120  135  156  183  210  236  259  286  313  339  367  395
  422  444  477  499  521  544  565  595  602
    22.5-180.0 180.0   5.0 450.0                            LAT/LON1/LON2/DLON/H
  676  673  662  652  639  626  612  588  564  542  525  507  490  470  445  420
  389  353  309  263  224  202  198  200  205  211  223  241  262  263  261  252
  246  242  239  240  239  245  233  213  199  194  191  185  174  158  142  127
  116  107  102  103  111  128  153  184  215  242  268  295  326  359  394  433
  470  501  537  562  588  614  635  663  676
    20.0-180.0 180.0   5.0 450.0                            LAT/LON1/LON2/DLON/H
  741  748  744  740  725  708  684  656  626  595  569  550  527  502  471  441
  407  366  317  268  232  219  226  235  249  263  283  309  320  317  305  290
  283  277  270  268  262  260  242  219  202  195  192  184  170  151  132  117
  105   97   93   94  103  122  150  185  221  251  277  306  338  376  419  465
  510  549  584  614  647  673  698  724  741
    17.5-180.0 180.0   5.0 450.0                            LAT/LON1/LON2/DLON/H
  789  807  816  819  808  790  767  737  698  660  625  599  571  541  506  470
  433  389  338  288  257  254  271  286  303  323  346  368  370  356  336  320
  309  298  286  277  266  256  237  215  198  191  188  180  164  144  124  108
   96   88   85   87   97  118  150  189  228  261  288  317  351  392  439  489
  537  577  611  642  673  704  735  766  789
    15.0-180.0 180.0   5.0 450.0                            LAT/LON1/LON2/DLON/H
  807  835  859  873  874  865  847  819  774  727  688  655  622  590  552  515
  471  428  378  333  308  312  332  345  359  378  398  408  398  375  350  333
  321  304  285  267  251  238  223  204  190  184  183  176  159  138  118  102
   91   83   80   83   93  116  151  193  234  270  299  328  363  405  453  505
  551  589  621  647  672  702  738  771  807
    12.5-180.0 180.0   5.0 450.0                            LAT/LON1/LON2/DLON/H
  794  830  860  888  908  914  908  886  844  793  749  713  679  650  609  572
  529  489  441  403  386  392  404  408  411  422  431  423  400  371  344  328
  317  296  271  243  225  213  204  190  179  176  177  171  155  135  115  100
   89   81   78   80   90  114  151  195  238  276  306  335  369  412  461  510
  554  588  614  634  655  680  714  756  794
    10.0-180.0 180.0   5.0 450.0                            LAT/LON1/LON2/DLON/H
  766  803  839  873  905  927  934  924  891  841  803  763  735  710  677  638
  602  568  524  492  480  486  487  473  458  455  442  413  379  347  323  310
  302  283  254  220  199  189  185  177  171  170  172  167  151  132  115  101
   91   82   78   79   88  111  148  195  239  277  307  337  372  416  465  511
  551  579  599  614  632  654  687  727  766
     7.5-180.0 180.0   5.0 450.0                            LAT/LON1/LON2/DLON/H
  739  772  805  843  877  908  928  929  904  867  829  803  783  762  739  708
  680  654  619  592  579  581  569  531  499  473  430  383  344  315  295  290
  289  274  242  203  180  171  172  170  166  166  167  162  148  131  115  103
   92   84   79   80   88  110  146  190  237  275  306  337  374  419  467  510
  546  571  587  599  614  635  665  702  739
     5.0-180.0 180.0   5.0 450.0                            LAT/LON1/LON2/DLON/H
  721  748  776  811  844  876  901  909  892  863  837  822  810  799  785  766
  749  732  709  689  667  655  625  569  520  468  398  345  309  286  277  282
  288  276  243  200  175  165  168  168  165  164  164  156  142  127  114  103
   92   86   83   83   91  112  146  190  236  274  304  337  375  421  469  510
  543  567  583  596  611  633  660  690  721
     2.5-180.0 180.0   5.0 450.0                            LAT/LON1/LON2/DLON/H
  721  740  762  790  818  846  869  880  866  844  825  816  815  813  806  797
  790  780  767  750  717  683  636  573  510  437  364  314  286  276  278  291
  301  291  257  212  185  171  171  170  168  165  162  151  136  122  111  102
   94   90   88   89   97  117  150  192  236  273  302  335  375  420  469  508
  541  567  585  603  625  652  677  699  721
