examples/igsg2830.11i
     1.0            IONOSPHERE MAPS     MIX                 IONEX VERSION / TYPE
cmpcmb v1.2          GRL/UWM            25-oct-11 05:49     PGM / RUN BY / DATE 
ionex file containing IGS COMBINED Ionosphere maps          COMMENT             
global ionosphere maps for day 283, 2011                    DESCRIPTION         
IONEX file containing the COMBINED IGS TEC MAPS and DCBs    DESCRIPTION         
      IONEX files of the following IAACs were combined: cod DESCRIPTION         
                                                        esa DESCRIPTION         
                                                        jpl DESCRIPTION         
                                                        upc DESCRIPTION         
Contact address: Andrzej Krankowski                         DESCRIPTION
                 Geodynamics Research Laboratory            DESCRIPTION
                 University of Warmia and Mazury (GRL/UWM)  DESCRIPTION
                 Oczapowski St. 1                           DESCRIPTION
                 10-957-Olsztyn, POLAND                     DESCRIPTION
                 e-mail:  kand@uwm.edu.pl                   DESCRIPTION
                                                            DESCRIPTION         
  2011    10    10     0     0     0                        EPOCH OF FIRST MAP  
  2011    10    11     0     0     0                        EPOCH OF LAST MAP   
  7200                                                      INTERVAL            
    13                                                      # OF MAPS IN FILE   
  COSZ                                                      MAPPING FUNCTION    
     0.0                                                    ELEVATION CUTOFF    
combined TEC calculated as weighted mean of input TEC valuesOBSERVABLES USED    
   370                                                      # OF STATIONS       
    32                                                      # OF SATELLITES     
  6371.0                                                    BASE RADIUS         
     2                                                      MAP DIMENSION       
   450.0 450.0   0.0                                        HGT1 / HGT2 / DHGT  
    87.5 -87.5  -2.5                                        LAT1 / LAT2 / DLAT  
  -180.0 180.0   5.0                                        LON1 / LON2 / DLON  
    -1                                                      EXPONENT            
TEC values in 0.1 tec units;  9999, if no value available   COMMENT             
DCB values in nanoseconds, reference is Sum_of_SatDCBs = 0  COMMENT             
                                                            END OF HEADER       
[from data line 858]
     3                                                      START OF TEC MAP    
  2011    10    10     4     0     0                        EPOCH OF CURRENT MAP
    87.5-180.0 180.0   5.0 450.0                            LAT/LON1/LON2/DLON/H
  132  132  131  130  130  130  129  129  128  128  127  126  126  125  124  124
  123  122  121  120  119  118  117  116  115  115  115  116  115  116  116  116
  116  117  117  117  117  118  118  118  119  120  120  121  121  122  122  123
  123  124  125  126  127  128  129  129  130  131  132  132  132  133  133  133
  134  134  134  134  134  133  133  133  132
    85.0-180.0 180.0   5.0 450.0                            LAT/LON1/LON2/DLON/H
  139  137  136  135  134  133  133  132  132  131  131  130  128  127  126  124
  123  121  120  118  117  115  112  111  110  110  110  111  110  110  110  110
  110  111  112  113  114  114  115  116  117  117  118  120  120  121  123  124
  125  127  128  130  132  134  136  138  139  141  143  144  145  146  146  146
  146  145  145  144  143  142  141  140  139
    82.5-180.0 180.0   5.0 450.0                            LAT/LON1/LON2/DLON/H
  148  146  145  144  143  143  142  141  140  139  137  136  133  133  130  128
  124  122  120  117  114  111  107  106  104  104  104  102  102  102  102  103
  104  106  108  110  112  114  116  117  119  119  120  120  121  123  125  126
  128  130  132  135  138  142  144  147  150  153  155  157  159  159  160  160
  160  160  159  158  156  154  153  150  148
    80.0-180.0 180.0   5.0 450.0                            LAT/LON1/LON2/DLON/H
  161  158  154  150  146  143  139  137  136  136  136  135  135  133  132  130
  128  125  121  118  114  108  103  101   99   95   94   93   93   93   93   95
   97   99  102  104  106  109  111  114  117  119  120  121  121  123  127  129
  132  134  137  139  144  149  154  157  160  164  168  170  173  175  176  177
  178  178  177  175  173  170  166  163  161
    77.5-180.0 180.0   5.0 450.0                            LAT/LON1/LON2/DLON/H
  171  165  157  148  142  137  134  133  132  132  132  133  134  135  135  131
  126  123  120  116  110  105   98   94   91   90   88   87   87   88   89   90
   92   94   97   99  102  105  108  111  114  116  118  118  119  121  124  129
  133  137  141  144  149  155  160  165  170  174  179  183  186  190  193  194
  196  196  194  193  190  186  183  177  171
    75.0-180.0 180.0   5.0 450.0                            LAT/LON1/LON2/DLON/H
  181  171  160  149  141  135  130  127  126  126  126  126  128  128  127  127
  125  122  119  112  106   99   93   89   85   84   82   81   80   80   81   83
   86   89   92   95   99  102  104  107  110  112  114  115  116  118  121  125
  131  137  143  148  153  160  165  171  177  182  187  192  197  201  204  208
  210  210  210  208  206  202  197  189  181
    72.5-180.0 180.0   5.0 450.0                            LAT/LON1/LON2/DLON/H
  192  180  168  156  144  135  127  123  119  117  117  118  119  121  123  122
  121  118  113  108   99   94   89   84   80   78   78   77   77   76   77   78
   80   83   86   88   91   94   97   99  101  103  105  107  109  111  116  122
  127  134  143  149  156  163  170  176  182  188  192  197  202  207  211  214
  217  218  219  220  217  214  209  201  192
    70.0-180.0 180.0   5.0 450.0                            LAT/LON1/LON2/DLON/H
  202  191  178  166  153  140  130  122  114  110  108  108  110  113  113  113
  112  109  107  100   93   87   84   79   76   75   75   74   75   75   74   75
   76   78   80   81   81   82   84   87   88   91   93   95   98  102  109  117
  124  133  142  150  158  166  173  180  185  190  194  198  202  207  211  215
  219  221  223  225  224  223  218  211  202
    67.5-180.0 180.0   5.0 450.0                            LAT/LON1/LON2/DLON/H
  209  200  189  177  164  151  137  125  114  107  102  100  100  100  101  101
  100   99   95   90   84   81   77   75   74   74   74   74   74   73   73   72
   71   71   71   71   70   69   70   72   74   77   80   83   88   93  103  112
  122  133  143  153  162  170  176  182  187  191  195  198  202  205  208  212
  216  218  221  224  225  225  222  216  209
    65.0-180.0 180.0   5.0 450.0                            LAT/LON1/LON2/DLON/H
  213  206  198  187  175  162  147  133  119  109  100   96   93   90   90   90
   89   87   86   81   77   75   71   72   72   72   72   73   73   71   69   67
   65   61   58   57   56   55   56   58   60   64   69   74   80   89   99  111
  123  135  147  158  167  176  181  186  189  193  196  199  202  204  205  207
  210  212  215  217  220  221  221  218  213
    62.5-180.0 180.0   5.0 450.0                            LAT/LON1/LON2/DLON/H
  214  210  204  195  184  171  156  141  127  114  104   94   88   84   82   81
   79   79   78   75   71   69   66   68   69   68   69   69   70   67   64   60
   56   51   47   44   44   44   46   47   50   55   62   69   78   88  101  115
  128  142  155  166  176  184  189  193  196  199  201  203  205  205  205  205
  205  206  208  210  213  215  217  217  214
    60.0-180.0 180.0   5.0 450.0                            LAT/LON1/LON2/DLON/H
  214  211  206  198  189  177  162  148  134  120  109   98   89   83   79   76
   75   76   72   70   67   64   61   62   62   62   63   62   62   60   55   51
   46   42   38   36   36   37   39   41   46   52   60   70   81   93  108  123
  138  154  167  180  190  197  201  205  208  211  212  214  215  214  212  210
  207  205  206  206  209  211  213  214  214
    57.5-180.0 180.0   5.0 450.0                            LAT/LON1/LON2/DLON/H
  213  211  205  198  189  178  164  150  137  125  113  103   93   84   79   76
   76   74   70   67   64   59   55   53   53   53   54   53   52   49   46   43
   39   36   34   33   34   37   40   43   49   56   65   77   89  104  121  138
  155  171  185  199  208  216  219  223  226  229  232  233  233  232  228  224
  219  214  212  211  211  211  213  213  213
    55.0-180.0 180.0   5.0 450.0                            LAT/LON1/LON2/DLON/H
  214  210  203  196  186  174  161  149  137  125  115  105   96   89   83   79
   78   75   71   67   62   55   50   46   45   44   44   45   45   42   39   38
   36   35   35   36   38   42   47   52   58   65   75   88  103  120  136  155
  174  188  205  220  230  239  242  247  251  255  257  259  258  255  251  246
  238  230  225  222  219  218  217  216  214
    52.5-180.0 180.0   5.0 450.0                            LAT/LON1/LON2/DLON/H
  220  212  204  195  183  169  156  143  132  123  114  106   99   92   87   83
   82   79   75   69   61   54   48   43   41   40   39   41   42   41   39   39
   39   41   43   46   50   54   59   63   68   76   87  101  116  135  153  174
  190  208  226  239  254  264  270  275  281  285  287  288  286  281  275  268
  258  249  242  237  232  230  228  225  220
    50.0-180.0 180.0   5.0 450.0                            LAT/LON1/LON2/DLON/H
  233  222  210  197  183  167  151  137  126  118  111  105   99   93   89   86
   85   83   78   72   64   56   50   45   43   42   40   42   44   44   46   47
   49   52   55   59   63   68   71   75   79   86   97  112  131  151  172  191
  209  227  243  260  276  289  298  306  312  315  316  314  310  304  297  287
  277  267  258  253  248  246  244  240  233
    47.5-180.0 180.0   5.0 450.0                            LAT/LON1/LON2/DLON/H
  251  238  224  208  189  168  150  133  121  113  107  102   97   92   89   87
   86   85   81   75   68   61   57   53   52   51   49   49   51   53   54   57
   60   64   69   73   77   81   82   84   87   94  105  122  145  167  187  208
  227  244  261  280  297  312  324  333  339  341  339  335  328  321  311  302
  290  278  271  266  264  264  263  259  251
    45.0-180.0 180.0   5.0 450.0                            LAT/LON1/LON2/DLON/H
  272  260  244  225  202  176  153  134  119  109  104   98   94   91   88   86
   86   85   83   79   74   70   67   66   66   66   63   63   63   64   65   68
   72   77   81   84   88   89   89   90   93  100  113  132  157  180  203  224
  243  261  279  299  318  332  346  356  361  361  356  349  340  330  319  308
  296  285  278  276  277  281  282  279  272
    42.5-180.0 180.0   5.0 450.0                            LAT/LON1/LON2/DLON/H
  294  282  266  246  219  189  161  137  120  109  102   97   93   89   86   85
   85   85   85   83   81   79   80   81   83   84   81   79   77   75   74   77
   81   84   88   90   93   94   93   93   96  104  119  141  167  193  216  238
  257  278  297  317  334  350  362  372  376  374  367  358  346  334  320  308
  296  286  280  281  286  293  298  298  294
    40.0-180.0 180.0   5.0 450.0                            LAT/LON1/LON2/DLON/H
  310  301  288  265  238  205  172  145  126  112  103   97   92   89   87   86
   86   87   88   89   89   92   95   97   99   99   96   93   89   85   82   82
   84   87   90   92   94   95   95   95   98  107  125  149  177  203  227  248
  269  292  311  330  345  360  373  381  384  382  374  364  351  337  323  308
  296  286  281  282  291  300  310  313  310
    37.5-180.0 180.0   5.0 450.0                            LAT/LON1/LON2/DLON/H
  321  313  302  280  252  218  182  153  132  116  105   98   93   90   90   89
   90   92   94   97  101  106  110  112  112  110  106  102   96   91   87   85
   85   86   88   90   93   94   95   96  101  113  132  157  185  209  234  256
  279  300  321  338  352  365  376  384  390  390  385  377  366  351  335  320
  305  292  287  287  295  307  317  322  321
    35.0-180.0 180.0   5.0 450.0                            LAT/LON1/LON2/DLON/H
  327  319  310  290  261  225  189  157  134  118  106   99   95   93   93   94
   96  100  103  107  114  121  124  122  120  116  111  105  100   95   90   86
   85   86   86   88   91   94   95   98  104  118  139  165  191  215  237  261
  284  307  327  345  358  370  382  392  402  408  409  405  399  385  367  349
  329  313  307  303  310  317  326  329  327
    32.5-180.0 180.0   5.0 450.0                            LAT/LON1/LON2/DLON/H
  334  325  312  293  265  230  193  160  134  118  107  100   97   96   97  100
  104  109  114  118  125  132  134  128  123  116  111  107  103   99   93   89
   87   86   85   87   90   93   97  101  108  122  144  170  195  218  241  265
  288  311  334  353  368  383  399  412  427  440  449  453  455  444  425  404
  378  357  347  338  338  338  340  340  334
    30.0-180.0 180.0   5.0 450.0                            LAT/LON1/LON2/DLON/H
  349  331  314  293  267  232  192  158  131  114  104   99   97   98  100  104
  110  116  121  127  134  140  139  132  124  116  112  111  110  105  100   95
   92   89   88   89   91   94   98  102  110  126  147  173  198  221  243  267
  291  317  342  364  384  406  427  446  466  486  505  521  532  528  511  489
  454  427  409  393  385  375  369  361  349
    27.5-180.0 180.0   5.0 450.0                            LAT/LON1/LON2/DLON/H
  374  347  320  296  270  236  195  156  126  110  103   98   97   98  100  105
  111  118  124  131  138  142  140  133  125  120  119  123  124  121  114  106
  101   97   95   94   95   97   99  103  111  126  149  176  200  223  245  268
  295  324  353  381  408  437  463  491  518  545  573  601  625  629  616  594
  553  519  492  467  452  430  412  395  374
    25.0-180.0 180.0   5.0 450.0                            LAT/LON1/LON2/DLON/H
  414  379  341  311  280  245  201  160  128  112  107  104  101   98   98  102
  107  115  122  129  135  140  139  136  133  134  139  146  148  144  135  124
  116  110  105  102  100  100  100  102  109  126  150  177  202  223  246  272
  301  334  367  403  438  474  507  541  575  610  647  683  717  731  723  704
  662  625  592  562  532  500  470  444  414
    22.5-180.0 180.0   5.0 450.0                            LAT/LON1/LON2/DLON/H
  467  426  384  344  307  269  224  181  145  128  123  119  111  102   96   97
  100  106  113  121  128  134  139  145  151  160  170  179  182  176  163  148
  137  126  118  111  107  104  101  100  106  122  149  178  202  227  251  280
  312  347  385  427  469  508  547  585  623  663  702  739  776  797  798  787
  756  723  692  659  616  577  541  506  467
    20.0-180.0 180.0   5.0 450.0                            LAT/LON1/LON2/DLON/H
  530  490  438  392  351  312  266  221  183  164  159  149  133  114   99   93
   94   97  103  109  116  127  142  160  178  197  212  220  222  211  192  172
  157  142  129  119  112  106  101   97  101  118  146  176  206  232  259  291
  325  363  403  448  496  537  578  615  648  681  713  746  782  811  822  815
  800  781  766  737  695  657  612  573  530
    17.5-180.0 180.0   5.0 450.0                            LAT/LON1/LON2/DLON/H
  603  552  498  448  407  369  327  281  242  223  214  196  170  141  114   99
   95   96   98  100  106  124  151  182  213  239  257  263  260  244  218  192
  172  153  138  124  115  107  100   94   97  114  144  178  210  239  269  304
  340  379  422  467  516  560  599  628  651  672  693  719  750  776  796  797
  797  794  793  778  744  709  673  637  603
    15.0-180.0 180.0   5.0 450.0                            LAT/LON1/LON2/DLON/H
  666  617  560  515  471  431  392  355  319  299  283  260  224  183  147  123
  115  111  108  106  110  129  164  206  247  279  298  301  290  266  233  201
  177  157  140  125  117  109  101   94   96  113  144  181  216  247  280  316
  354  393  436  483  532  574  605  625  637  648  659  676  701  726  750  765
  775  785  792  786  761  730  707  689  666
    12.5-180.0 180.0   5.0 450.0                            LAT/LON1/LON2/DLON/H
  704  667  617  575  536  500  467  434  409  385  364  335  291  245  203  170
  155  145  136  134  134  149  182  230  275  310  328  324  304  272  234  199
  173  153  138  125  117  111  103   95   97  114  147  186  221  254  289  325
  365  406  448  493  538  574  596  607  613  615  619  630  651  678  705  731
  752  772  781  779  759  734  720  715  704
    10.0-180.0 180.0   5.0 450.0                            LAT/LON1/LON2/DLON/H
  722  698  660  624  592  561  534  509  489  466  442  410  363  316  274  239
  219  207  193  180  176  185  213  254  295  326  339  327  299  263  224  188
  163  146  134  125  120  114  107   99  101  117  151  190  225  260  294  333
  373  414  453  494  533  563  579  586  589  588  587  595  615  643  675  708
  735  758  771  770  755  735  726  726  722
     7.5-180.0 180.0   5.0 450.0                            LAT/LON1/LON2/DLON/H
  736  721  695  666  639  611  584  566  545  525  503  470  428  393  352  321
  302  288  268  244  231  232  249  277  306  325  330  311  278  243  207  174
  152  139  131  125  122  119  113  107  107  122  152  190  227  262  297  335
  376  416  453  489  524  550  563  570  575  575  574  582  601  632  668  703
  732  756  770  771  758  742  735  738  736
     5.0-180.0 180.0   5.0 450.0                            LAT/LON1/LON2/DLON/H
  754  743  723  705  679  649  618  592  570  553  535  507  474  450  423  406
  388  374  347  311  292  285  288  299  312  314  308  283  251  218  188  162
  144  135  130  128  127  126  121  114  113  127  155  190  225  259  294  333
  374  414  449  484  516  540  554  566  576  581  583  591  611  646  685  719
  745  765  777  781  772  759  752  753  754
     2.5-180.0 180.0   5.0 450.0                            LAT/LON1/LON2/DLON/H
  775  767  755  737  714  678  638  603  575  554  533  511  488  478  469  468
  461  450  415  377  353  338  329  321  316  302  284  256  224  195  172  154
  141  135  132  132  133  133  129  121  118  131  158  190  220  253  289  329
  371  410  446  481  512  534  553  572  589  601  609  619  642  680  718  748
  765  778  787  790  786  778  773  774  775
