examples/igsg2830.11i
     1.0            IONOSPHERE MAPS     MIX                 IONEX VERSION / TYPE
cmpcmb v1.2          GRL/UWM            25-oct-11 05:49     PGM / RUN BY / DATE 
ionex file containing IGS COMBINED Ionosphere maps          COMMENT             
global ionosphere maps for day 283, 2011                    DESCRIPTION         
IONEX file containing the COMBINED IGS TEC MAPS and DCBs    DESCRIPTION         
      IONEX files of the following IAACs were combined: cod DESCRIPTION         
                                                        esa DESCRIPTION         
                                                        jpl DESCRIPTION         
                                                        upc DESCRIPTION         
Contact address: Andrzej Krankowski                         DESCRIPTION
                 Geodynamics Research Laboratory            DESCRIPTION
                 University of Warmia and Mazury (GRL/UWM)  DESCRIPTION
                 Oczapowski St. 1                           DESCRIPTION
                 10-957-Olsztyn, POLAND                     DESCRIPTION
                 e-mail:  kand@uwm.edu.pl                   DESCRIPTION
                                                            DESCRIPTION         
  2011    10    10     0     0     0                        EPOCH OF FIRST MAP  
  2011    10    11     0     0     0                        EPOCH OF LAST MAP   
  7200                                                      INTERVAL            
    13                                                      # OF MAPS IN FILE   
  COSZ                                                      MAPPING FUNCTION    
     0.0                                                    ELEVATION CUTOFF    
combined TEC calculated as weighted mean of input TEC valuesOBSERVABLES USED    
   370                                                      # OF STATIONS       
    32                                                      # OF SATELLITES     
  6371.0                                                    BASE RADIUS         
     2                                                      MAP DIMENSION       
   450.0 450.0   0.0                                        HGT1 / HGT2 / DHGT  
    87.5 -87.5  -2.5                                        LAT1 / LAT2 / DLAT  
  -180.0 180.0   5.0                                        LON1 / LON2 / DLON  
    -1                                                      EXPONENT            
TEC values in 0.1 tec units;  9999, if no value available   COMMENT             
DCB values in nanoseconds, reference is Sum_of_SatDCBs = 0  COMMENT             
                                                            END OF HEADER       
[from data line 3432]
     9                                                      START OF TEC MAP    
  2011    10    10    16     0     0                        EPOCH OF CURRENT MAP
    87.5-180.0 180.0   5.0 450.0                            LAT/LON1/LON2/DLON/H
  137  138  139  141  141  142  143  144  145  146  147  148  149  150  151  152
  153  153  154  154  155  155  155  156  157  157  157  157  158  157  155  155
  153  152  151  149  148  147  146  145  143  141  140  140  139  138  137  136
  135  135  134  133  133  133  132  132  132  131  131  131  131  131  131  131
  131  132  133  133  134  135  135  137  137
    85.0-180.0 180.0   5.0 450.0                            LAT/LON1/LON2/DLON/H
  128  130  131  133  136  138  140  142  145  147  149  151  152  154  156  157
  158  159  160  161  162  163  164  166  168  169  168  167  166  165  162  159
  157  153  151  148  145  143  140  138  135  133  132  130  128  127  126  125
  124  123  121  120  119  118  118  117  116  116  115  114  114  112  113  112
  112  113  115  117  119  122  124  126  128
    82.5-180.0 180.0   5.0 450.0                            LAT/LON1/LON2/DLON/H
  110  112  115  116  120  122  126  130  134  138  143  146  150  153  157  159
  162  164  165  167  168  168  170  172  174  174  174  173  172  171  169  167
  164  160  157  152  148  142  138  133  130  126  122  119  117  115  113  112
  111  111  111  110  109  108  108  107  106  104  102   99   98   96   94   94
   96   97  100  103  105  106  107  109  110
    80.0-180.0 180.0   5.0 450.0                            LAT/LON1/LON2/DLON/H
   91   93   95   99  102  108  113  118  124  129  135  141  145  150  155  159
  163  166  168  170  171  175  173  177  177  177  176  175  174  172  169  166
  163  159  155  151  145  141  136  130  125  120  115  111  106  104  102  101
  100   99  100  101  100  101  101  101   99   96   92   89   87   83   82   82
   83   84   85   87   87   87   89   89   91
    77.5-180.0 180.0   5.0 450.0                            LAT/LON1/LON2/DLON/H
   75   77   81   85   89   94  100  106  113  121  128  136  143  150  156  161
  165  169  171  173  176  176  178  178  179  179  181  180  179  177  175  172
  169  162  156  151  145  139  134  126  121  117  112  108  103   99   96   95
   95   94   93   94   95   94   95   95   92   89   85   82   79   76   74   73
   72   71   73   72   71   72   72   73   75
    75.0-180.0 180.0   5.0 450.0                            LAT/LON1/LON2/DLON/H
   66   68   71   74   78   83   89   97  105  114  125  134  143  150  158  163
  168  172  178  179  180  182  186  184  184  186  187  187  187  185  181  178
  174  170  163  156  149  142  136  129  121  115  112  107  104  100   97   94
   93   94   93   93   93   92   92   90   88   84   80   77   73   71   68   66
   65   64   63   62   62   63   63   65   66
    72.5-180.0 180.0   5.0 450.0                            LAT/LON1/LON2/DLON/H
   61   62   64   66   70   74   81   90   99  110  122  132  143  153  161  168
  174  178  181  185  188  191  195  194  195  195  197  197  196  193  190  187
  183  179  173  165  158  151  143  136  128  121  115  111  107  104  101   98
   97   96   96   95   94   92   91   88   85   82   77   73   70   67   64   62
   61   59   59   58   59   59   59   61   61
    70.0-180.0 180.0   5.0 450.0                            LAT/LON1/LON2/DLON/H
   60   59   59   60   63   68   74   83   94  106  117  129  142  153  162  172
  177  182  187  192  197  202  206  206  209  208  208  207  204  202  198  195
  192  188  183  178  169  161  153  146  138  131  124  118  114  110  106  103
  100   98   97   96   94   92   90   87   84   80   76   72   68   64   62   61
   59   59   58   58   58   59   60   60   60
    67.5-180.0 180.0   5.0 450.0                            LAT/LON1/LON2/DLON/H
   59   57   56   56   57   61   68   77   88  101  115  128  142  155  167  175
  182  189  193  201  207  214  217  218  222  221  219  215  211  208  204  200
  199  196  191  185  177  169  162  155  147  140  132  126  121  116  111  106
  102   99   96   93   90   88   86   83   80   78   74   70   66   62   60   59
   57   57   57   57   59   60   60   60   59
    65.0-180.0 180.0   5.0 450.0                            LAT/LON1/LON2/DLON/H
   56   54   52   52   54   57   63   73   84   98  114  130  145  160  171  180
  188  196  200  208  216  221  225  227  229  227  223  219  213  209  206  202
  201  198  194  189  183  174  166  160  153  146  137  130  125  118  111  105
  100   95   90   86   84   81   80   77   74   72   70   67   64   61   58   56
   55   54   55   57   59   59   59   58   56
    62.5-180.0 180.0   5.0 450.0                            LAT/LON1/LON2/DLON/H
   52   49   48   48   50   55   62   72   84   99  115  132  148  163  176  186
  195  202  207  214  222  224  230  232  232  230  224  220  213  208  205  203
  202  198  194  191  185  178  168  162  155  147  139  132  125  118  110  103
   96   89   83   79   76   75   74   72   69   68   67   66   64   60   57   55
   53   53   54   55   57   57   56   54   52
    60.0-180.0 180.0   5.0 450.0                            LAT/LON1/LON2/DLON/H
   47   45   43   44   47   54   63   74   87  103  119  136  152  167  181  193
  201  207  214  220  226  225  232  234  233  229  222  218  212  207  205  204
  205  201  196  192  186  179  171  164  157  149  142  134  127  118  110  102
   94   86   80   76   72   71   70   70   70   70   70   70   68   65   61   58
   55   53   52   54   54   54   52   50   47
    57.5-180.0 180.0   5.0 450.0                            LAT/LON1/LON2/DLON/H
   44   41   40   42   47   55   65   78   93  109  125  142  158  173  188  199
  206  214  221  226  229  230  234  235  232  227  222  217  212  210  209  209
  209  206  200  196  190  183  176  169  163  155  148  140  131  123  114  105
   97   90   83   79   75   73   72   73   75   77   79   79   79   75   71   66
   62   58   56   56   55   53   51   47   44
    55.0-180.0 180.0   5.0 450.0                            LAT/LON1/LON2/DLON/H
   45   41   41   43   50   59   70   85  101  118  134  151  167  183  198  209
  217  224  229  233  235  235  236  235  231  227  224  220  218  217  218  218
  218  215  210  205  199  191  185  179  173  166  157  149  139  131  122  115
  106  100   95   89   86   84   83   84   86   90   91   92   91   89   84   78
   72   68   64   62   60   57   54   49   45
    52.5-180.0 180.0   5.0 450.0                            LAT/LON1/LON2/DLON/H
   51   47   46   48   55   66   79   95  112  129  146  163  179  195  209  221
  230  237  240  241  242  240  239  237  233  231  229  229  229  230  230  230
  230  227  223  217  211  205  199  194  188  181  172  162  151  142  134  127
  120  115  111  107  104  102  101  101  104  107  108  108  108  106  100   95
   87   81   77   74   70   67   63   57   51
    50.0-180.0 180.0   5.0 450.0                            LAT/LON1/LON2/DLON/H
   62   57   55   57   64   75   90  106  125  143  160  177  193  208  223  235
  243  250  253  250  250  247  245  242  239  238  238  240  242  244  244  244
  242  240  236  231  227  222  218  212  206  197  187  176  164  154  146  140
  135  131  129  128  126  125  124  123  124  126  126  127  127  124  119  113
  105   99   94   90   85   81   76   69   62
    47.5-180.0 180.0   5.0 450.0                            LAT/LON1/LON2/DLON/H
   75   70   68   69   75   85  100  118  138  156  174  190  206  221  236  249
  258  264  263  260  258  256  254  251  249  248  250  254  257  259  259  256
  253  250  247  244  242  240  236  231  223  214  201  187  175  164  157  152
  148  145  145  145  145  145  144  142  141  141  142  143  143  141  137  130
  123  116  111  106  102   97   90   83   75
    45.0-180.0 180.0   5.0 450.0                            LAT/LON1/LON2/DLON/H
   89   83   80   80   84   94  109  128  149  168  188  204  218  232  246  260
  270  276  275  272  269  268  266  264  263  264  266  269  270  271  268  264
  259  257  256  255  256  256  253  247  238  227  211  195  182  172  164  160
  158  156  155  155  156  156  155  153  151  149  149  151  151  150  147  140
  135  129  124  120  116  110  103   96   89
    42.5-180.0 180.0   5.0 450.0                            LAT/LON1/LON2/DLON/H
   98   93   90   88   91  100  115  135  157  178  197  213  227  241  255  269
  280  285  286  283  281  281  282  281  281  281  282  283  281  279  274  267
  262  262  264  267  271  272  269  261  250  235  218  201  186  175  167  164
  162  161  157  156  155  155  154  152  149  147  147  148  149  149  146  142
  137  133  129  126  123  118  112  105   98
    40.0-180.0 180.0   5.0 450.0                            LAT/LON1/LON2/DLON/H
  102   97   94   92   94  101  116  135  159  183  203  219  234  248  262  277
  289  293  295  293  292  295  299  300  300  299  297  295  290  283  276  270
  268  272  279  285  290  291  287  275  261  244  224  206  190  177  168  166
  163  159  153  146  142  142  141  140  137  136  137  138  139  139  138  135
  131  128  125  124  123  119  114  109  102
    37.5-180.0 180.0   5.0 450.0                            LAT/LON1/LON2/DLON/H
   99   95   91   90   91   98  113  134  159  186  207  224  239  253  269  283
  296  301  304  304  305  311  316  319  319  316  309  306  298  289  283  281
  285  295  305  316  322  321  310  296  278  258  236  216  199  186  175  169
  165  158  147  134  126  124  124  125  125  124  125  126  128  128  126  123
  121  119  116  117  116  113  109  105   99
    35.0-180.0 180.0   5.0 450.0                            LAT/LON1/LON2/DLON/H
   90   85   83   82   84   91  106  129  157  186  209  227  243  260  276  292
  303  311  315  318  321  325  331  335  335  330  322  317  310  303  304  309
  321  338  353  366  371  365  349  327  304  284  258  237  219  207  195  182
  175  165  149  131  118  113  115  117  118  118  119  121  123  122  119  115
  113  110  108  108  107  104  101   95   90
    32.5-180.0 180.0   5.0 450.0                            LAT/LON1/LON2/DLON/H
   78   74   73   73   74   83   99  124  155  185  212  232  249  267  285  302
  315  325  329  333  335  338  342  346  346  343  336  332  330  332  344  359
  386  409  432  441  439  428  403  377  351  329  303  276  252  239  225  210
  201  188  168  145  127  120  121  125  125  125  126  129  130  128  123  118
  113  109  105  104  101   97   92   85   78
    30.0-180.0 180.0   5.0 450.0                            LAT/LON1/LON2/DLON/H
   69   65   64   64   66   75   94  122  153  186  215  237  257  277  296  314
  330  341  347  350  349  349  351  353  354  355  354  357  365  379  407  439
  479  510  534  545  533  516  486  458  425  388  361  330  298  281  266  254
  247  231  210  181  158  148  147  150  150  147  149  152  155  153  144  135
  126  119  112  107  102   95   87   78   69
    27.5-180.0 180.0   5.0 450.0                            LAT/LON1/LON2/DLON/H
   67   62   60   59   62   72   93  122  157  191  219  243  265  287  308  330
  347  362  367  367  363  360  360  358  363  371  379  393  415  446  495  546
  601  638  657  661  650  616  582  551  506  459  427  388  352  329  313  306
  301  289  265  234  208  196  192  194  190  187  188  193  196  191  179  166
  153  141  130  121  112  102   91   78   67
    25.0-180.0 180.0   5.0 450.0                            LAT/LON1/LON2/DLON/H
   73   65   61   59   61   72   94  125  161  195  225  250  275  299  322  346
  368  383  389  387  379  375  372  369  378  394  413  442  476  532  600  671
  742  783  791  778  763  724  680  628  575  526  482  440  400  374  362  358
  356  344  322  295  269  257  248  250  244  239  239  244  249  243  226  208
  189  172  155  142  129  116  101   85   73
    22.5-180.0 180.0   5.0 450.0                            LAT/LON1/LON2/DLON/H
   81   73   66   62   64   75   98  130  165  200  232  258  285  312  336  362
  386  405  412  410  401  394  391  393  405  430  461  503  551  618  703  802
  874  907  899  871  838  787  730  669  614  566  523  478  438  410  400  401
  400  392  372  351  328  315  307  309  302  295  293  297  304  298  277  257
  231  206  183  165  148  132  114   96   81
    20.0-180.0 180.0   5.0 450.0                            LAT/LON1/LON2/DLON/H
   91   80   72   67   67   78  103  137  172  204  237  265  293  321  349  376
  403  427  437  437  429  420  419  427  445  479  521  573  628  701  795  892
  962  981  965  921  870  808  742  681  629  588  546  504  461  430  419  422
  425  418  400  385  373  363  358  359  348  340  339  344  353  347  326  299
  270  238  209  187  165  146  126  106   91
    17.5-180.0 180.0   5.0 450.0                            LAT/LON1/LON2/DLON/H
   96   84   76   69   69   80  106  142  178  209  240  269  299  328  359  389
  419  446  462  465  461  454  457  472  496  539  584  637  690  762  852  935
  989 1003  975  920  861  798  731  674  632  593  554  507  461  428  412  414
  417  410  398  393  392  389  391  389  378  370  369  377  386  380  356  325
  290  256  227  201  175  151  131  111   96
    15.0-180.0 180.0   5.0 450.0                            LAT/LON1/LON2/DLON/H
   96   85   76   69   68   80  107  145  182  213  243  274  304  336  367  401
  435  465  487  496  497  497  508  528  558  598  640  683  728  790  863  930
  968  969  931  876  817  755  697  651  615  583  543  493  444  404  379  377
  380  379  378  382  387  392  396  397  390  384  383  387  397  387  366  333
  296  263  234  204  174  148  128  110   96
    12.5-180.0 180.0   5.0 450.0                            LAT/LON1/LON2/DLON/H
   92   82   74   68   67   81  109  148  185  217  247  279  312  346  378  413
  450  485  511  528  540  552  568  593  622  657  687  713  742  786  839  885
  904  894  854  802  745  697  654  622  595  567  526  471  415  367  335  330
  332  343  351  361  373  378  383  386  385  379  375  375  384  374  358  327
  291  258  227  196  166  140  119  103   92
    10.0-180.0 180.0   5.0 450.0                            LAT/LON1/LON2/DLON/H
   85   78   72   68   67   81  112  152  190  222  253  287  322  359  391  430
  467  507  537  560  584  608  632  658  684  707  721  730  739  761  791  816
  820  799  765  721  677  646  620  602  582  555  512  451  389  334  298  293
  296  311  330  349  362  366  368  371  371  363  352  349  354  348  335  309
  278  247  215  183  152  127  107   94   85
     7.5-180.0 180.0   5.0 450.0                            LAT/LON1/LON2/DLON/H
   80   76   71   68   69   85  117  160  199  231  263  300  336  376  412  449
  489  530  565  594  625  659  691  719  737  744  741  733  725  726  736  744
  738  718  690  659  634  620  611  603  587  558  510  444  379  325  290  279
  283  303  335  358  364  364  365  364  360  345  328  318  318  315  304  283
  259  231  200  169  141  117   98   86   80
     5.0-180.0 180.0   5.0 450.0                            LAT/LON1/LON2/DLON/H
   80   76   74   71   74   92  126  170  211  245  279  317  357  398  434  470
  511  553  590  625  661  701  739  768  778  770  751  730  708  694  690  685
  679  668  650  636  630  628  629  625  608  576  527  459  390  341  309  298
  304  330  372  390  386  380  379  372  358  336  311  293  285  282  274  258
  238  215  187  159  134  112   95   84   80
     2.5-180.0 180.0   5.0 450.0                            LAT/LON1/LON2/DLON/H
   83   81   79   77   83  102  138  182  224  259  295  335  379  420  457  491
  529  569  608  645  686  732  772  799  798  776  749  721  694  676  667  662
  661  659  656  655  658  664  668  663  643  609  558  490  425  379  355  350
  366  400  433  442  422  405  399  386  366  338  305  278  263  256  249  237
  221  203  179  155  134  113   97   88   83
