examples/igsg2820.11i
     1.0            IONOSPHERE MAPS     MIX                 IONEX VERSION / TYPE
cmpcmb v1.2          GRL/UWM            25-oct-11 05:43     PGM / RUN BY / DATE 
ionex file containing IGS COMBINED Ionosphere maps          COMMENT             
global ionosphere maps for day 282, 2011                    DESCRIPTION         
IONEX file containing the COMBINED IGS TEC MAPS and DCBs    DESCRIPTION         
      IONEX files of the following IAACs were combined: cod DESCRIPTION         
                                                        esa DESCRIPTION         
                                                        jpl DESCRIPTION         
                                                        upc DESCRIPTION         
Contact address: Andrzej Krankowski                         DESCRIPTION
                 Geodynamics Research Laboratory            DESCRIPTION
                 University of Warmia and Mazury (GRL/UWM)  DESCRIPTION
                 Oczapowski St. 1                           DESCRIPTION
                 10-957-Olsztyn, POLAND                     DESCRIPTION
                 e-mail:  kand@uwm.edu.pl                   DESCRIPTION
                                                            DESCRIPTION         
  2011    10     9     0     0     0                        EPOCH OF FIRST MAP  
  2011    10    10     0     0     0                        EPOCH OF LAST MAP   
  7200                                                      INTERVAL            
    13                                                      # OF MAPS IN FILE   
  COSZ                                                      MAPPING FUNCTION    
     0.0                                                    ELEVATION CUTOFF    
combined TEC calculated as weighted mean of input TEC valuesOBSERVABLES USED    
   371                                                      # OF STATIONS       
    32                                                      # OF SATELLITES     
  6371.0                                                    BASE RADIUS         
     2                                                      MAP DIMENSION       
   450.0 450.0   0.0                                        HGT1 / HGT2 / DHGT  
    87.5 -87.5  -2.5                                        LAT1 / LAT2 / DLAT  
  -180.0 180.0   5.0                                        LON1 / LON2 / DLON  
    -1                                                      EXPONENT            
TEC values in 0.1 tec units;  9999, if no value available   COMMENT             
DCB values in nanoseconds, reference is Sum_of_SatDCBs = 0  COMMENT             
                                                            END OF HEADER       
[from data line 4290]
    11                                                      START OF TEC MAP    
  2011    10     9    20     0     0                        EPOCH OF CURRENT MAP
    87.5-180.0 180.0   5.0 450.0                            LAT/LON1/LON2/DLON/H
  157  159  159  161  162  164  165  166  167  168  170  171  172  173  174  174
  174  175  175  176  176  176  177  176  176  175  174  173  172  172  170  170
  169  168  167  165  164  164  163  162  161  161  159  158  158  158  157  158
  157  157  157  156  156  156  156  156  156  156  156  156  155  155  155  155
  154  155  155  155  155  155  156  157  157
    85.0-180.0 180.0   5.0 450.0                            LAT/LON1/LON2/DLON/H
  142  143  145  147  150  153  156  160  162  167  170  172  176  179  181  184
  185  187  188  186  185  185  183  181  178  177  175  173  171  169  167  166
  164  163  161  160  158  157  156  155  154  153  151  151  150  149  147  147
  146  146  145  146  146  145  144  143  143  143  141  141  140  138  137  138
  137  137  137  137  138  138  140  140  142
    82.5-180.0 180.0   5.0 450.0                            LAT/LON1/LON2/DLON/H
  125  127  130  134  138  143  148  153  159  164  170  174  179  182  186  189
  190  190  192  193  193  189  184  181  177  176  175  173  170  167  164  160
  157  153  150  149  146  145  143  142  140  140  139  138  138  137  136  137
  136  136  134  134  133  132  131  131  129  128  126  125  123  121  120  120
  120  120  120  120  121  121  122  123  125
    80.0-180.0 180.0   5.0 450.0                            LAT/LON1/LON2/DLON/H
  110  114  118  122  129  135  142  150  158  165  172  180  186  190  194  196
  198  198  198  197  195  192  185  186  180  176  172  168  163  158  153  148
  143  139  136  133  130  129  127  126  125  125  124  124  123  123  122  123
  123  123  123  122  120  120  118  117  115  113  111  110  108  107  105  104
  104  103  104  104  104  104  105  107  110
    77.5-180.0 180.0   5.0 450.0                            LAT/LON1/LON2/DLON/H
  101  106  111  117  123  131  139  148  159  168  177  184  189  195  199  202
  203  202  199  196  194  191  184  178  177  169  163  156  151  145  140  136
  132  127  122  119  115  113  110  109  109  108  109  109  109  110  109  109
  110  110  110  110  108  107  105  103  101   99   98   97   95   93   91   90
   89   89   89   89   89   90   93   97  101
    75.0-180.0 180.0   5.0 450.0                            LAT/LON1/LON2/DLON/H
   97  103  109  116  124  133  143  153  163  172  182  191  199  205  212  214
  210  207  204  197  190  183  178  170  164  159  154  146  140  135  128  122
  117  112  108  104  101   97   95   93   93   92   93   94   96   97   97   97
   97   96   96   97   96   93   91   89   87   84   83   82   81   79   78   77
   76   76   77   78   80   83   87   92   97
    72.5-180.0 180.0   5.0 450.0                            LAT/LON1/LON2/DLON/H
   99  105  113  122  131  141  151  161  172  184  193  204  215  224  228  227
  225  217  205  195  184  176  170  161  153  148  142  137  131  124  119  114
  106  100   95   90   85   82   80   79   78   79   80   81   83   85   86   85
   86   84   83   82   81   79   76   74   72   70   69   68   67   66   66   65
   66   67   68   71   75   81   86   92   99
    70.0-180.0 180.0   5.0 450.0                            LAT/LON1/LON2/DLON/H
  105  114  123  133  142  153  163  174  188  199  212  224  233  241  245  244
  237  225  211  196  183  172  162  152  144  138  133  127  122  118  111  103
   97   89   83   78   72   69   67   66   67   68   68   69   70   71   72   73
   73   72   71   69   68   64   62   60   58   56   55   55   55   55   56   56
   57   60   63   67   73   80   88   96  105
    67.5-180.0 180.0   5.0 450.0                            LAT/LON1/LON2/DLON/H
  113  123  133  143  154  165  176  189  203  215  227  239  251  259  262  261
  250  237  218  202  184  170  157  147  139  133  127  122  115  111  103   95
   87   79   72   67   63   59   55   55   56   57   57   57   58   59   59   61
   62   61   59   56   55   52   50   47   46   45   45   45   45   46   48   49
   51   54   58   64   72   80   90  101  113
    65.0-180.0 180.0   5.0 450.0                            LAT/LON1/LON2/DLON/H
  120  132  142  153  165  175  187  200  214  227  240  252  264  274  279  276
  268  251  233  213  190  175  161  150  141  135  127  121  114  106   98   89
   81   74   66   58   53   51   48   47   47   48   49   48   49   50   50   52
   52   51   50   48   46   44   42   40   39   39   39   40   42   43   45   46
   48   51   55   62   71   81   92  107  120
    62.5-180.0 180.0   5.0 450.0                            LAT/LON1/LON2/DLON/H
  125  138  151  164  174  186  197  209  221  233  246  260  274  286  293  293
  286  270  251  227  204  186  172  160  149  141  133  127  119  110  101   90
   81   73   64   56   50   46   44   43   44   44   45   45   45   47   47   47
   47   47   45   44   43   42   40   40   40   40   41   42   44   45   47   47
   48   51   55   62   72   83   97  111  125
    60.0-180.0 180.0   5.0 450.0                            LAT/LON1/LON2/DLON/H
  131  146  160  175  185  196  207  217  227  238  249  263  278  291  302  306
  300  287  268  246  223  202  185  171  161  152  143  136  128  118  108   97
   88   78   67   59   52   47   46   44   45   46   47   48   50   50   50   50
   48   48   46   45   45   44   44   45   46   48   49   50   53   54   54   54
   54   55   58   65   75   87  101  116  131
    57.5-180.0 180.0   5.0 450.0                            LAT/LON1/LON2/DLON/H
  139  155  170  186  199  210  219  228  235  242  252  263  277  291  305  313
  311  304  287  266  243  221  199  183  173  165  155  146  138  129  119  109
   99   89   76   66   59   53   51   51   51   53   55   57   59   60   59   58
   56   54   53   51   51   52   53   56   57   60   61   63   65   66   66   64
   63   63   66   72   82   94  109  123  139
    55.0-180.0 180.0   5.0 450.0                            LAT/LON1/LON2/DLON/H
  150  166  183  200  215  226  235  242  247  251  257  265  275  288  303  316
  318  316  304  285  262  238  214  197  185  175  165  156  148  140  133  123
  113  101   90   79   71   65   63   63   64   66   69   71   73   74   73   71
   68   66   64   62   62   64   67   70   72   75   77   78   79   80   78   77
   74   74   77   83   94  105  119  134  150
    52.5-180.0 180.0   5.0 450.0                            LAT/LON1/LON2/DLON/H
  164  181  198  217  234  247  256  262  264  265  266  269  277  287  300  314
  321  323  316  299  277  252  229  209  194  182  173  165  159  154  146  137
  127  116  105   95   88   82   80   80   80   83   85   88   91   92   91   87
   84   81   78   76   76   79   82   86   88   92   93   94   94   93   91   89
   87   87   90   97  108  121  133  147  164
    50.0-180.0 180.0   5.0 450.0                            LAT/LON1/LON2/DLON/H
  181  198  217  237  255  269  279  285  286  284  280  279  282  289  300  314
  324  329  324  308  288  263  239  219  201  188  180  175  171  167  158  149
  138  128  118  110  103   99   97   96   97   99  102  105  109  110  108  106
  102   99   95   93   94   96   99  102  104  107  108  108  108  106  104  102
  101  101  105  113  124  137  150  165  181
    47.5-180.0 180.0   5.0 450.0                            LAT/LON1/LON2/DLON/H
  201  218  238  257  277  292  305  311  311  307  299  294  293  296  305  319
  328  333  329  313  294  271  246  225  208  198  190  187  182  178  166  156
  144  133  125  118  114  112  111  111  111  113  117  121  125  126  124  122
  120  117  114  113  113  114  117  119  120  120  120  120  120  118  116  114
  113  114  120  129  142  155  169  184  201
    45.0-180.0 180.0   5.0 450.0                            LAT/LON1/LON2/DLON/H
  219  238  258  278  298  315  327  335  337  331  322  313  309  310  316  327
  336  339  333  318  299  277  253  232  217  208  202  198  193  185  171  156
  143  132  125  121  119  119  120  121  121  124  129  133  136  138  138  138
  136  135  133  132  132  133  135  135  134  132  130  129  128  127  125  122
  121  124  133  144  158  173  187  201  219
    42.5-180.0 180.0   5.0 450.0                            LAT/LON1/LON2/DLON/H
  233  253  273  295  315  333  347  355  358  354  346  337  330  329  332  341
  348  348  341  326  307  286  265  245  229  221  215  211  203  189  171  153
  137  126  121  120  120  123  125  126  127  131  135  140  144  145  148  150
  150  150  149  148  149  149  148  146  143  140  136  133  131  130  127  125
  125  130  140  154  171  186  202  217  233
    40.0-180.0 180.0   5.0 450.0                            LAT/LON1/LON2/DLON/H
  244  263  285  307  327  346  360  370  375  375  368  360  354  350  352  357
  361  361  353  338  321  301  282  263  247  237  231  224  213  194  170  148
  130  120  117  118  121  125  128  130  132  135  139  144  148  150  154  156
  158  159  160  160  160  158  155  151  146  142  137  132  129  127  125  123
  124  129  141  159  177  194  210  226  244
    37.5-180.0 180.0   5.0 450.0                            LAT/LON1/LON2/DLON/H
  248  269  291  314  335  355  371  381  389  393  389  382  377  375  374  375
  377  377  370  356  340  321  303  286  271  261  252  242  224  201  176  148
  131  122  119  121  126  130  133  134  136  138  143  147  151  152  156  159
  161  163  163  165  164  162  159  154  148  141  135  129  125  122  120  118
  117  123  137  158  179  197  215  230  248
    35.0-180.0 180.0   5.0 450.0                            LAT/LON1/LON2/DLON/H
  251  272  295  319  342  362  379  391  402  406  406  402  399  398  397  397
  398  397  391  378  362  345  328  311  300  290  279  265  241  216  192  165
  148  138  135  136  140  144  145  144  144  146  149  153  156  157  160  160
  161  161  163  164  164  162  159  154  147  139  131  124  119  116  114  111
  110  116  131  153  177  199  218  234  251
    32.5-180.0 180.0   5.0 450.0                            LAT/LON1/LON2/DLON/H
  257  277  299  324  348  371  390  404  414  420  422  420  420  421  420  421
  421  420  415  404  389  372  356  341  330  321  309  291  266  240  219  200
  186  177  169  167  168  173  171  165  163  159  161  164  166  166  165  161
  160  159  159  161  161  160  157  152  144  135  127  119  114  110  107  104
  103  110  125  150  177  201  222  240  257
    30.0-180.0 180.0   5.0 450.0                            LAT/LON1/LON2/DLON/H
  269  288  309  333  358  384  405  419  429  435  438  439  440  442  444  446
  446  445  439  430  417  400  384  369  361  353  340  322  299  278  264  255
  247  236  221  211  207  209  205  193  186  190  183  183  182  180  174  166
  162  158  158  159  159  159  155  148  141  133  124  116  110  106  103  100
  100  107  124  151  182  209  232  252  269
    27.5-180.0 180.0   5.0 450.0                            LAT/LON1/LON2/DLON/H
  289  306  326  350  378  405  428  442  451  456  460  460  463  468  469  470
  471  470  464  455  442  425  408  396  391  386  373  358  342  330  330  337
  331  319  290  269  255  252  250  226  215  219  208  205  202  197  188  177
  170  162  160  159  158  158  155  148  139  131  122  114  109  105  102  100
  101  109  129  159  193  222  248  270  289
    25.0-180.0 180.0   5.0 450.0                            LAT/LON1/LON2/DLON/H
  314  332  350  375  402  433  457  472  481  486  486  488  491  496  498  499
  497  496  488  478  464  447  430  419  417  417  408  401  394  399  414  430
  432  414  369  334  304  301  294  258  238  238  230  227  224  218  208  193
  183  173  168  165  162  161  158  150  140  131  121  112  107  104  102  100
  103  114  137  171  209  241  269  293  314
    22.5-180.0 180.0   5.0 450.0                            LAT/LON1/LON2/DLON/H
  342  363  384  406  434  466  492  510  519  522  521  524  526  531  532  533
  530  526  514  501  484  466  449  441  441  445  447  450  457  476  504  522
  525  492  442  386  344  333  322  277  256  251  246  245  244  240  229  213
  202  190  183  178  174  170  165  155  143  132  120  111  105  102  102  102
  107  120  146  185  226  263  294  321  342
    20.0-180.0 180.0   5.0 450.0                            LAT/LON1/LON2/DLON/H
  373  395  420  443  471  504  533  553  561  564  566  566  570  575  574  573
  569  561  544  526  505  484  468  461  465  475  486  502  521  551  585  599
  587  539  476  411  358  337  321  291  268  262  258  259  261  259  250  235
  223  212  204  197  193  186  178  164  149  134  120  110  103  101  101  103
  110  126  155  196  240  281  316  346  373
    17.5-180.0 180.0   5.0 450.0                            LAT/LON1/LON2/DLON/H
  399  427  456  482  511  544  575  600  607  611  614  617  621  626  627  622
  614  602  581  556  529  506  490  486  491  506  525  548  578  614  641  644
  611  547  472  398  348  323  306  287  274  269  267  269  274  275  269  256
  246  234  227  222  216  206  194  176  157  139  122  110  102  100  101  104
  113  131  161  203  249  293  332  367  399
    15.0-180.0 180.0   5.0 450.0                            LAT/LON1/LON2/DLON/H
  419  454  488  516  546  579  616  640  652  656  662  668  676  681  685  680
  668  650  624  593  561  537  519  513  520  537  561  590  621  653  668  655
  604  522  435  362  317  298  288  281  276  275  275  278  282  286  285  272
  264  255  250  245  239  226  208  187  165  145  126  111  102  100  102  107
  115  134  165  208  255  300  341  381  419
    12.5-180.0 180.0   5.0 450.0                            LAT/LON1/LON2/DLON/H
  431  473  513  547  578  610  643  670  688  697  707  719  729  740  746  742
  729  706  674  641  603  577  555  545  551  569  595  624  651  671  670  639
  569  472  382  318  286  277  278  282  285  288  288  288  288  289  288  281
  276  267  263  260  254  239  218  194  171  150  129  113  103  101  103  108
  117  137  169  210  257  303  345  388  431
    10.0-180.0 180.0   5.0 450.0                            LAT/LON1/LON2/DLON/H
  436  486  531  567  598  628  660  689  711  726  742  760  776  792  804  803
  792  769  733  696  657  628  602  587  589  605  626  649  669  675  659  606
  520  421  337  288  270  273  285  298  309  314  312  304  293  286  281  276
  272  263  261  261  256  242  219  194  172  151  131  115  106  103  104  108
  118  138  169  214  260  305  345  391  436
     7.5-180.0 180.0   5.0 450.0                            LAT/LON1/LON2/DLON/H
  440  493  542  581  610  636  665  695  719  741  763  787  808  830  849  856
  852  830  795  756  717  687  660  641  635  642  655  670  680  673  642  573
  481  386  316  284  280  292  315  337  351  356  348  326  301  283  272  263
  258  246  247  248  244  233  212  191  172  151  133  120  111  108  107  109
  118  137  171  215  262  306  348  390  440
     5.0-180.0 180.0   5.0 450.0                            LAT/LON1/LON2/DLON/H
  442  499  552  590  619  640  664  690  716  742  767  796  823  850  873  891
  895  877  848  811  776  747  720  697  680  677  681  686  687  670  627  551
  461  381  331  312  316  337  368  395  410  411  392  355  316  287  268  249
  239  226  226  226  222  214  200  187  171  152  136  126  119  115  112  112
  120  139  172  218  267  308  349  392  442
     2.5-180.0 180.0   5.0 450.0                            LAT/LON1/LON2/DLON/H
  444  503  558  600  628  648  667  687  710  734  759  789  820  847  878  901
  913  905  886  856  825  798  771  744  718  707  701  699  690  663  614  545
  470  410  377  370  379  402  435  465  477  468  436  388  339  301  268  239
  222  205  201  199  198  194  187  179  167  152  141  132  127  124  120  119
  126  143  175  221  272  314  352  393  444
